time	2019,28417722,237279
life	2019,13486854,222286
eyes	2019,9708378,187430
work	2019,9694729,226267
hand	2019,9507012,217339
head	2019,8745607,204188
part	2019,8472446,236492
case	2019,7836944,211044
face	2019,7368495,198478
body	2019,7251676,207912
data	2019,6913809,116304
room	2019,6847004,198336
home	2019,6722434,208548
side	2019,6442003,215921
door	2019,5725708,170090
fact	2019,5614020,207989
days	2019,5246234,209024
mind	2019,5224083,203494
name	2019,5086079,210871
book	2019,5066179,232353
year	2019,4962135,207734
form	2019,4696135,222939
kind	2019,4374448,209923
love	2019,4123935,169755
idea	2019,3988452,202345
word	2019,3979358,195708
line	2019,3758018,206224
role	2019,3756640,155389
area	2019,3748006,179907
food	2019,3637673,185365
city	2019,3629601,166531
view	2019,3301585,193377
self	2019,3252029,182070
ways	2019,3176935,202812
care	2019,3144421,185724
girl	2019,3114980,134892
risk	2019,3092542,154254
feet	2019,3083490,167112
land	2019,3080932,162213
rate	2019,3046528,151284
type	2019,3004468,182042
hair	2019,2838187,146593
wife	2019,2812173,154059
arms	2019,2707760,157627
need	2019,2706023,197058
back	2019,2700741,174040
rest	2019,2636806,202874
fire	2019,2636052,166546
pain	2019,2559992,151209
size	2019,2376725,177598
town	2019,2306268,149444
team	2019,2239898,137888
loss	2019,2233221,177349
term	2019,2230197,160218
cell	2019,2220125,104719
plan	2019,2215301,175773
look	2019,2163612,170088
test	2019,2159713,147241
step	2019,2137427,193812
wall	2019,2121934,157800
road	2019,2080903,163727
text	2019,2073356,148115
half	2019,2046193,192501
skin	2019,2004853,141624
cost	2019,1991584,143737
lips	2019,1982960,110571
week	2019,1928324,169319
game	2019,1926043,154003
hour	2019,1908288,167511
fear	2019,1806236,166699
news	2019,1796730,157921
past	2019,1795619,182414
soul	2019,1771295,131213
ones	2019,1770997,195100
king	2019,1730749,94780
sort	2019,1695508,158200
path	2019,1661279,175695
heat	2019,1654516,137541
tree	2019,1640670,146734
help	2019,1639281,190857
list	2019,1613931,175843
rule	2019,1602986,152114
flow	2019,1592613,132005
task	2019,1583748,163109
lack	2019,1562796,170241
mass	2019,1561739,139725
turn	2019,1484552,186063
baby	2019,1467675,120395
date	2019,1466701,168313
laws	2019,1429348,132597
film	2019,1425622,84142
site	2019,1422611,122246
neck	2019,1391038,123327
legs	2019,1389320,126973
wind	2019,1389116,132955
base	2019,1363532,156380
note	2019,1349544,166807
edge	2019,1344640,152098
goal	2019,1343984,147930
race	2019,1334451,136765
will	2019,1310690,153280
none	2019,1287382,178017
page	2019,1281011,148386
seat	2019,1278658,136989
unit	2019,1261453,116165
hope	2019,1258736,163084
drug	2019,1254336,80068
call	2019,1238821,156771
army	2019,1238608,100617
lady	2019,1235769,104045
foot	2019,1232265,145299
sign	2019,1226759,169451
boys	2019,1215706,117756
gaze	2019,1214765,91716
ship	2019,1214422,94285
tone	2019,1193430,133296
deal	2019,1184053,163158
soil	2019,1172764,94373
duty	2019,1160476,129990
play	2019,1127557,141307
wine	2019,1107171,104112
fish	2019,1106821,116306
bank	2019,1101865,120778
code	2019,1081313,105473
kids	2019,1074819,92015
core	2019,1061446,128335
gold	2019,1020347,129221
user	2019,1004863,54646
acid	2019,987980,43685
wave	2019,978921,125205
spot	2019,970601,145193
pair	2019,963891,137595
rock	2019,958846,118304
show	2019,951714,154219
mode	2019,943147,111612
hall	2019,939539,108197
tool	2019,938988,119890
hell	2019,931735,95388
wood	2019,931220,120254
boat	2019,923357,91357
ring	2019,911023,123910
bone	2019,871600,91819
song	2019,868117,107257
cent	2019,865939,53117
nose	2019,864191,114594
ball	2019,852148,115950
mine	2019,847653,127373
desk	2019,837643,96931
camp	2019,837608,87728
firm	2019,832486,110335
iron	2019,826519,112256
rise	2019,818798,138162
trip	2019,812301,123219
ears	2019,811453,127138
shop	2019,800115,110334
file	2019,788011,80494
move	2019,784687,140819
band	2019,784329,106205
salt	2019,778497,86177
debt	2019,777623,87546
guys	2019,776772,67191
rain	2019,774918,113508
talk	2019,772722,137643
gift	2019,763188,127110
milk	2019,762779,95044
cash	2019,754499,84921
host	2019,753941,110647
snow	2019,741142,88994
male	2019,716970,102709
card	2019,716723,107922
fall	2019,715578,147553
meat	2019,701905,98139
gate	2019,697723,96226
root	2019,695009,112030
jobs	2019,678921,103310
sake	2019,678406,130050
acts	2019,672697,109415
farm	2019,670688,83582
load	2019,668456,89383
hole	2019,647212,111915
dogs	2019,646362,92013
gene	2019,639346,23607
mood	2019,636577,112142
meal	2019,625246,108837
coat	2019,622048,97992
post	2019,619581,124123
cock	2019,612615,28828
zone	2019,603840,88664
suit	2019,603339,106777
sand	2019,596115,92076
fate	2019,585263,116761
dose	2019,584576,50465
moon	2019,580299,96044
park	2019,578633,85553
sons	2019,575161,88551
left	2019,573129,117705
star	2019,572497,105757
link	2019,572474,110022
harm	2019,570138,114142
roof	2019,568449,104352
walk	2019,568208,115895
pool	2019,567651,106074
fuel	2019,567424,72400
club	2019,566322,87547
sets	2019,565703,108109
cars	2019,565380,97286
kiss	2019,563378,69582
bird	2019,558793,93617
sale	2019,557128,89998
shot	2019,556908,99047
gods	2019,554957,60930
bond	2019,552029,86696
lead	2019,550007,131340
dust	2019,544503,105767
hill	2019,543346,85817
crew	2019,535869,71452
poem	2019,532862,54435
copy	2019,531039,108195
bowl	2019,522683,75383
arts	2019,521663,79000
lake	2019,505512,68869
mail	2019,503879,79851
mark	2019,501208,126008
real	2019,497891,131889
luck	2019,494087,105891
poet	2019,493747,57549
beer	2019,491314,71525
eggs	2019,491193,77867
axis	2019,490899,47894
seed	2019,486426,78567
bill	2019,484847,85984
item	2019,482867,89056
ends	2019,482118,130414
rice	2019,470866,51845
west	2019,469344,82069
boss	2019,466845,72026
ages	2019,465738,112034
diet	2019,464369,61285
stop	2019,460356,112248
good	2019,459567,117194
sigh	2019,459325,74991
plot	2019,458486,85303
lord	2019,455857,48808
palm	2019,443360,79192
tail	2019,442863,88609
hold	2019,442285,115111
shit	2019,436693,38757
peak	2019,436219,80803
guns	2019,435459,64596
drop	2019,435406,113823
tube	2019,431790,54058
pace	2019,431770,119673
lots	2019,431634,106114
evil	2019,424278,77739
chin	2019,423132,73337
hero	2019,420702,86371
beam	2019,418029,53905
mess	2019,413004,90701
rank	2019,411360,83363
gain	2019,410728,83522
ease	2019,409700,121632
node	2019,404497,19844
deck	2019,402433,57494
knee	2019,402167,80353
bias	2019,396350,58803
loop	2019,395300,61796
hips	2019,390642,52119
vote	2019,387305,52696
grip	2019,385422,87287
tour	2019,379260,75780
tale	2019,376876,87605
cave	2019,376767,54734
fool	2019,376711,76960
blow	2019,376209,96296
yard	2019,371430,76088
leaf	2019,370904,68444
para	2019,369173,18553
maps	2019,368095,68927
vice	2019,366746,101113
ride	2019,365149,86868
aunt	2019,363984,53571
loan	2019,363629,50008
bell	2019,361733,84345
wire	2019,359673,66786
keys	2019,355982,83482
crop	2019,352934,48367
bars	2019,349919,87155
grin	2019,346773,57686
belt	2019,346555,82520
coal	2019,346261,51955
pity	2019,345076,78971
jury	2019,342422,34720
ties	2019,339807,85938
lung	2019,337749,30010
rope	2019,337369,69764
rage	2019,336347,83777
pipe	2019,335679,63572
cake	2019,333009,68530
port	2019,331212,56440
wage	2019,330627,47617
sins	2019,330050,52971
silk	2019,329156,67191
tent	2019,328721,51289
dirt	2019,327384,79523
fees	2019,327332,55832
bags	2019,323388,81663
cups	2019,322684,63738
grid	2019,321915,39094
lens	2019,321033,59489
dear	2019,318253,54329
sofa	2019,317885,47836
joke	2019,316855,85564
pile	2019,316711,80872
fund	2019,315969,51325
wars	2019,315551,68445
inch	2019,313010,77486
corn	2019,310242,55017
fast	2019,309852,105548
mile	2019,308552,72523
fist	2019,306525,67894
brow	2019,306337,60308
stem	2019,304033,45305
mice	2019,303637,30968
folk	2019,303525,58161
hint	2019,302099,85370
bath	2019,301816,72137
tank	2019,300703,56646
wing	2019,297693,73040
rush	2019,294297,91152
mask	2019,292423,66611
trap	2019,291567,85170
bits	2019,290827,77413
pack	2019,290797,69113
bear	2019,290089,71750
feed	2019,289967,59383
dawn	2019,289532,83698
exit	2019,287899,79147
rows	2019,287498,74937
flag	2019,282933,68100
menu	2019,279568,47767
uses	2019,278878,71729
lamp	2019,278173,67424
meta	2019,277934,28635
roll	2019,275489,82692
dish	2019,274145,58715
maid	2019,272915,45650
dark	2019,270861,85864
fans	2019,270504,49021
cord	2019,270040,49284
wolf	2019,266774,43738
clay	2019,266508,52697
wish	2019,261991,81956
glow	2019,261968,72329
norm	2019,261398,59610
mate	2019,260966,49613
verb	2019,259754,24880
jail	2019,258596,56342
rays	2019,258066,60934
oven	2019,255284,40468
vein	2019,253419,59221
myth	2019,250449,55557
soup	2019,249803,54997
mean	2019,249233,70210
bulk	2019,249099,79598
beds	2019,248742,71218
ions	2019,248238,12124
well	2019,246153,83531
lock	2019,245737,67376
gear	2019,245522,57861
noon	2019,244424,64982
prey	2019,242519,66865
tape	2019,240476,58566
tide	2019,240216,65939
gaps	2019,239161,73422
tips	2019,237362,74676
gang	2019,235679,49126
aura	2019,234899,32771
rats	2019,234877,37275
pump	2019,232583,37309
cast	2019,228020,68191
odds	2019,227688,85566
fuck	2019,226605,24006
beat	2019,226186,68852
cold	2019,225455,76254
rent	2019,224920,56656
pass	2019,224361,70715
cats	2019,222139,49589
barn	2019,220773,36398
wake	2019,219443,75007
tons	2019,218679,44178
exam	2019,218411,36944
rail	2019,217480,52337
tray	2019,216673,51110
pole	2019,214472,57994
blue	2019,213294,76263
bomb	2019,213233,48501
lion	2019,212235,57458
fame	2019,212068,63609
gown	2019,211241,48047
deer	2019,209697,42556
bike	2019,209138,35684
toes	2019,207128,64721
beef	2019,206926,45994
stay	2019,204012,70775
nest	2019,203882,55197
void	2019,201146,60871
spin	2019,200264,39934
bite	2019,199684,62254
coin	2019,197969,57586
fury	2019,197689,60078
clue	2019,197684,72335
cart	2019,197445,48245
mill	2019,197322,45430
rear	2019,196613,51333
seal	2019,196193,50065
flux	2019,194085,29787
clan	2019,193441,29225
bind	2019,193329,61236
cage	2019,192970,51244
urge	2019,192735,61579
cuts	2019,192719,67254
robe	2019,190924,45170
slip	2019,190783,61804
roar	2019,189657,55768
want	2019,189561,57138
deed	2019,189429,52700
tomb	2019,186383,34880
taxi	2019,184864,37063
mist	2019,183922,50594
oath	2019,183010,43187
limb	2019,182745,44128
cook	2019,182605,51211
ibid	2019,182523,13970
vols	2019,182153,18309
atom	2019,179297,23258
pine	2019,178121,47378
rape	2019,177699,31395
aims	2019,175525,51477
span	2019,174978,61552
lane	2019,174958,46570
sink	2019,174807,51582
twin	2019,174485,57783
dead	2019,174324,60916
veil	2019,174079,51408
math	2019,173774,36826
seas	2019,170073,47121
hurt	2019,168457,62242
arch	2019,168430,44988
ribs	2019,168382,49386
lies	2019,167482,64790
bull	2019,165174,46260
wool	2019,164459,47985
bark	2019,164124,46560
nuts	2019,163402,50126
tune	2019,163217,66430
lawn	2019,163170,49316
hook	2019,162361,57780
hate	2019,161331,51677
cure	2019,161116,53789
pond	2019,161099,43294
heir	2019,160866,42393
bush	2019,160729,47968
ward	2019,158081,36774
rose	2019,156831,49888
jump	2019,154928,58372
push	2019,154816,67919
oils	2019,154788,23493
soap	2019,154708,51630
butt	2019,154590,45465
disk	2019,154453,21766
shoe	2019,154204,55373
lift	2019,154041,43613
dick	2019,151977,15974
horn	2019,151401,46700
navy	2019,150920,38450
cult	2019,150579,31404
runs	2019,149888,49761
monk	2019,149492,24902
pigs	2019,149393,38258
cows	2019,148724,40035
feel	2019,146580,57417
toys	2019,145868,49461
heap	2019,145314,52794
fork	2019,144303,48032
fort	2019,143773,24575
chip	2019,143635,40917
herd	2019,143096,38085
heel	2019,142431,51854
cops	2019,142020,24396
pill	2019,141486,32269
ruin	2019,141275,46295
plea	2019,140755,47581
pull	2019,139962,55692
knot	2019,139628,51569
drum	2019,139334,39632
wear	2019,138994,44532
chap	2019,138669,25706
bees	2019,138357,33280
cues	2019,136759,27591
tens	2019,136663,46535
peer	2019,136528,32749
yoga	2019,135832,22761
disc	2019,135520,22898
pork	2019,135163,29609
clit	2019,135072,6698
foam	2019,134238,37345
boom	2019,134037,44983
boot	2019,133752,41305
golf	2019,132455,32838
scan	2019,132425,23983
nail	2019,131553,45917
lust	2019,131476,40347
duke	2019,130782,12873
goat	2019,130362,34330
scar	2019,130326,38748
cane	2019,129886,36535
hood	2019,128905,41301
echo	2019,128402,49556
vivo	2019,128045,7831
lump	2019,126309,51417
make	2019,125489,57215
halt	2019,125049,54001
dock	2019,124637,32118
kick	2019,124568,49805
blog	2019,124444,28485
tops	2019,124262,52429
auto	2019,124067,37229
bolt	2019,123825,41279
jazz	2019,123294,19607
rack	2019,121818,40280
doll	2019,121318,36846
sail	2019,120345,30664
prop	2019,120224,15750
hats	2019,119380,49335
sect	2019,119346,20543
fine	2019,118984,53338
noun	2019,118967,17602
soda	2019,118755,33283
whip	2019,118347,38293
apps	2019,117130,19021
beta	2019,117099,16769
ally	2019,116922,44824
dots	2019,116437,39841
hunt	2019,116196,44695
flap	2019,116006,21189
lamb	2019,115865,34842
sack	2019,114294,41849
wash	2019,113828,47294
lace	2019,113511,34135
axes	2019,111758,31997
icon	2019,111607,26111
high	2019,111376,60775
coup	2019,110950,26394
calm	2019,108966,52772
pots	2019,108864,42540
dome	2019,108532,30101
zinc	2019,108527,15407
chat	2019,106961,43003
envy	2019,106747,45561
bass	2019,106426,24333
miss	2019,104910,31201
sums	2019,103556,40840
bean	2019,103171,24326
dusk	2019,102975,40309
lime	2019,102822,24238
logs	2019,102789,32252
fold	2019,101209,38805
calf	2019,101110,33221
tech	2019,100812,26128
leap	2019,100511,52619
pope	2019,100461,11454
drag	2019,100160,29975
fare	2019,100034,39710
east	2019,100004,34905
toll	2019,99586,48679
fore	2019,99343,40255
lobe	2019,98647,13103
odor	2019,98545,29325
zero	2019,98471,29647
mesh	2019,97981,19320
ache	2019,96935,36781
chef	2019,96342,27554
coli	2019,96291,6784
duct	2019,96070,13081
worm	2019,95907,32784
cone	2019,95898,24482
coil	2019,95833,19320
solo	2019,95402,27031
down	2019,94995,51322
zeal	2019,94967,35671
pulp	2019,94532,22074
jade	2019,94432,11547
womb	2019,94318,30251
gasp	2019,93793,37389
crap	2019,93360,29422
duck	2019,93258,34090
bang	2019,93056,36557
sage	2019,92916,27947
pins	2019,92565,33546
slot	2019,90467,28455
burn	2019,89863,31201
mold	2019,89585,27062
tire	2019,89151,33024
tion	2019,89134,19735
boil	2019,88431,20733
bend	2019,87707,37865
raid	2019,86231,24303
apex	2019,85143,24363
pore	2019,84868,13045
rods	2019,84725,25879
mall	2019,84635,25870
hull	2019,84563,16655
jaws	2019,84394,32667
wait	2019,84287,47270
weed	2019,83764,26986
hide	2019,83632,39486
slab	2019,83538,24928
caps	2019,82339,37289
yarn	2019,82220,16744
cunt	2019,81942,6001
pets	2019,81918,28340
aids	2019,81913,29199
take	2019,81635,42332
guts	2019,81545,34294
ants	2019,80833,24896
babe	2019,80597,22695
bulb	2019,80541,26741
epic	2019,80353,22169
foil	2019,80312,26987
haze	2019,80251,35890
cans	2019,79989,33275
logo	2019,79980,34706
mast	2019,79864,20041
fond	2019,79560,36605
over	2019,79418,43790
gait	2019,79388,25397
riot	2019,79255,33112
poly	2019,78829,5707
mare	2019,78817,16642
moss	2019,78781,27382
lads	2019,78564,19291
dash	2019,78542,38560
nets	2019,78520,27151
pick	2019,78201,37569
clip	2019,78199,29813
wits	2019,78096,35861
maze	2019,78091,32572
cube	2019,77624,21253
soft	2019,77598,41137
fair	2019,77510,35898
draw	2019,76965,34896
mama	2019,76962,16598
moan	2019,76523,26125
liar	2019,76193,36247
papa	2019,75844,12222
dive	2019,75602,28166
brat	2019,75110,15401
hymn	2019,75075,23041
tags	2019,73890,20989
mint	2019,73322,23613
pony	2019,73161,19402
junk	2019,73008,31501
bows	2019,72858,27686
buds	2019,72363,25741
peas	2019,72343,23189
bugs	2019,72213,26314
nuns	2019,72204,16441
sobs	2019,72172,31993
teen	2019,72171,21105
jerk	2019,72046,31465
dice	2019,72015,22363
vine	2019,71717,24018
doom	2019,71480,33925
know	2019,71278,41464
jars	2019,71229,24038
hard	2019,71105,45230
visa	2019,70469,14223
glue	2019,70396,27997
flat	2019,69814,29400
olds	2019,69786,22394
buzz	2019,69229,35662
bait	2019,69224,31373
vest	2019,69215,27393
wrap	2019,69014,27161
joys	2019,68943,33364
tile	2019,68815,24707
mini	2019,68466,31352
pier	2019,68223,17366
nods	2019,68017,19664
fats	2019,67932,10415
earl	2019,67911,6335
hits	2019,67852,26490
feat	2019,67811,40250
hose	2019,67784,21901
toil	2019,67677,26494
ramp	2019,67584,19131
mole	2019,67092,17640
pint	2019,67039,18822
herb	2019,67006,17431
wink	2019,66928,31322
tort	2019,66923,4418
vows	2019,66728,25502
offs	2019,66373,24858
rags	2019,66346,30464
tits	2019,66339,9609
pits	2019,66195,24399
vase	2019,66146,25692
frog	2019,65850,21932
hike	2019,65484,17024
plug	2019,65337,22472
dove	2019,65093,28297
idol	2019,64896,24566
loaf	2019,63904,24124
huts	2019,63842,20555
slit	2019,63526,19307
curb	2019,63515,26427
reef	2019,63466,10271
foes	2019,63436,23805
fuss	2019,63241,34949
daze	2019,62941,18008
blur	2019,62838,31037
trio	2019,62544,28701
situ	2019,62294,12598
free	2019,62200,38115
dude	2019,61998,17924
bile	2019,61697,16729
raft	2019,61495,17858
tbsp	2019,61165,1181
pens	2019,60873,30104
rash	2019,60334,19987
leak	2019,60192,20814
slap	2019,59380,29025
bunk	2019,59305,18151
bail	2019,59261,15774
lava	2019,59238,15723
turf	2019,58974,26215
bats	2019,58722,19069
pads	2019,58690,23466
bloc	2019,58683,13079
stew	2019,58679,21816
hail	2019,58591,27898
coma	2019,58371,19288
fill	2019,58310,26945
poll	2019,58209,17361
rite	2019,57930,19932
flaw	2019,57431,33034
dyes	2019,56069,10664
thud	2019,55949,27853
aide	2019,55907,19395
sway	2019,55801,31133
dean	2019,55793,15364
yuan	2019,55589,4643
crow	2019,55403,22083
oxen	2019,55292,16091
claw	2019,55191,21335
paws	2019,54819,21864
gulf	2019,54766,25735
duel	2019,54750,18199
knob	2019,54459,24233
mule	2019,54423,16396
jest	2019,54290,20095
yoke	2019,54285,21315
bust	2019,53962,24815
memo	2019,53888,15259
vent	2019,53727,21564
hawk	2019,53477,21632
cyst	2019,53249,3874
tilt	2019,53228,21422
pang	2019,52874,25512
bump	2019,52790,26693
germ	2019,52785,16599
dams	2019,52769,12686
info	2019,52738,19089
open	2019,52733,34957
jets	2019,52622,18083
helm	2019,52584,20698
acre	2019,52506,15530
dial	2019,52362,23032
bead	2019,52343,16299
euro	2019,52252,7283
cuff	2019,52052,14973
gale	2019,51863,17994
oats	2019,51798,16766
crab	2019,51200,17095
gust	2019,51046,24761
fits	2019,50999,30049
bout	2019,50912,23069
lore	2019,50391,20851
gems	2019,49946,22151
buck	2019,49598,20872
safe	2019,49438,31411
swap	2019,49194,8978
pact	2019,49169,19190
hire	2019,49125,19463
comb	2019,49114,21451
pest	2019,49047,12208
xiii	2019,49043,17685
pros	2019,48989,27248
lids	2019,48443,23226
loci	2019,48317,8660
wins	2019,48188,21457
beak	2019,48169,17860
halo	2019,48105,23587
cape	2019,47912,19444
tofu	2019,47706,6052
viii	2019,47689,16006
dorm	2019,47598,12403
drip	2019,47574,21558
oars	2019,47098,13804
nano	2019,47093,5417
cons	2019,47051,25252
pane	2019,47028,16620
pawn	2019,46980,16487
trek	2019,46878,19482
slew	2019,46724,18886
yell	2019,46264,24708
veto	2019,46148,11164
lass	2019,46074,9167
pies	2019,46049,18250
seam	2019,45427,15620
writ	2019,45330,9582
tack	2019,45229,22613
outs	2019,45217,25154
heck	2019,45022,18304
pans	2019,44737,20957
brim	2019,44686,25315
prep	2019,44681,13963
howl	2019,44618,22741
jolt	2019,44586,25078
lieu	2019,44568,22916
hilt	2019,44458,15987
loft	2019,44159,15415
coke	2019,44024,10718
kill	2019,43787,20279
wand	2019,43679,15498
tick	2019,43338,16882
tuna	2019,43175,11241
labs	2019,43074,15269
whim	2019,43029,28428
zest	2019,42856,13350
lien	2019,42554,2982
slut	2019,42540,11435
guru	2019,42471,11778
rust	2019,42428,19012
gulp	2019,42272,22451
jack	2019,42236,19833
glee	2019,42185,25429
moth	2019,42180,15057
boar	2019,42045,11581
garb	2019,41898,22508
spur	2019,41895,21259
alia	2019,41884,10632
urea	2019,41835,6136
hash	2019,41817,8522
surf	2019,41785,15193
bids	2019,41669,16376
gray	2019,41453,22239
reed	2019,40993,15794
mats	2019,40879,16893
cafe	2019,40807,10986
punk	2019,40784,11004
rift	2019,40762,19014
bins	2019,40201,16227
stab	2019,40018,22706
mane	2019,39881,18466
font	2019,39730,16543
cork	2019,39461,18271
melt	2019,39460,8169
sire	2019,39102,6949
hare	2019,38879,13421
plum	2019,38781,16883
arse	2019,38374,8584
pear	2019,38337,14026
crib	2019,38221,13844
pods	2019,38151,10497
keep	2019,38136,19497
airs	2019,38133,18853
hens	2019,38097,12938
gram	2019,38055,11001
ills	2019,38021,21761
dump	2019,37991,17432
bets	2019,37863,18522
vial	2019,37683,10003
snap	2019,37435,22728
mugs	2019,37410,18788
saga	2019,37335,13927
puff	2019,37019,21899
furs	2019,37012,12809
oaks	2019,36683,14808
fray	2019,36658,22367
damn	2019,36397,18543
rugs	2019,36289,17838
arcs	2019,36170,11608
diss	2019,36103,8232
figs	2019,35944,11359
taxa	2019,35942,3205
tabs	2019,35923,15741
hues	2019,35756,19490
bent	2019,35357,24133
harp	2019,35346,11798
curl	2019,35333,17988
boon	2019,35324,19931
rein	2019,35210,19282
hiss	2019,34970,18799
wail	2019,34818,20338
webs	2019,34657,15646
neon	2019,34575,17210
hive	2019,34536,11866
nape	2019,34341,15320
anti	2019,34332,14810
fowl	2019,34209,14158
trot	2019,34176,15663
flip	2019,34135,18705
vibe	2019,34107,14513
kits	2019,33966,13501
fins	2019,33941,9840
rake	2019,33914,17037
woes	2019,33820,19559
tram	2019,33724,8288
tact	2019,33589,18054
peat	2019,33449,7786
slag	2019,33209,4659
bays	2019,33135,12491
lure	2019,33091,19671
dues	2019,33081,14592
damp	2019,32886,20655
fuse	2019,32855,15297
omen	2019,32803,18493
mage	2019,32678,2079
xvii	2019,32498,12232
dung	2019,32485,12383
peek	2019,32378,20342
nave	2019,32251,6927
read	2019,32192,21573
eras	2019,31786,17306
balm	2019,31776,17026
apes	2019,31698,9165
hugs	2019,31647,19112
dime	2019,31459,17727
itch	2019,31438,16901
sole	2019,31291,17563
pink	2019,31252,20142
iris	2019,31232,8575
sync	2019,31162,17142
grit	2019,31096,16640
yang	2019,31000,6158
moms	2019,30918,10768
alms	2019,30865,11622
brew	2019,30435,15333
hast	2019,30395,7117
nook	2019,30258,18797
dart	2019,30197,14341
scum	2019,30138,16147
soot	2019,30129,14325
mmol	2019,30049,2869
yawn	2019,29939,18132
slum	2019,29891,9857
keen	2019,29877,20379
hubs	2019,29805,11465
pomp	2019,29758,16131
cove	2019,29747,8918
acne	2019,29667,6524
feud	2019,29598,14796
gels	2019,29451,5212
sill	2019,29432,14825
anus	2019,29421,7175
gums	2019,29401,13292
yolk	2019,29097,7763
foci	2019,29096,10108
jeep	2019,29079,6368
swan	2019,28965,13522
limo	2019,28954,6890
hush	2019,28826,17349
ruse	2019,28823,17944
tint	2019,28760,14633
grab	2019,28720,18294
slam	2019,28689,17504
clot	2019,28684,7367
lair	2019,28669,13919
sing	2019,28635,17859
quiz	2019,28566,10616
quay	2019,28493,6925
edit	2019,28393,10132
cert	2019,28153,1767
whey	2019,28149,3546
sell	2019,28128,14829
hemp	2019,28080,9978
haul	2019,28041,17149
ante	2019,28015,10947
sash	2019,27817,13810
snug	2019,27817,16524
swim	2019,27738,14142
hoop	2019,27685,12103
laps	2019,27517,15413
flea	2019,27441,11765
curt	2019,27334,16888
html	2019,27214,10977
peel	2019,27205,8135
buns	2019,27202,10921
kite	2019,26992,10495
homo	2019,26950,10061
toad	2019,26811,10606
mins	2019,26682,2985
moor	2019,26633,5902
stud	2019,26615,10959
axle	2019,26603,6201
mega	2019,26528,10494
vans	2019,26138,11912
polo	2019,26129,11868
gall	2019,26051,13027
twig	2019,25946,14811
dame	2019,25944,9831
kale	2019,25849,5953
oval	2019,25799,11915
twas	2019,25652,5848
loom	2019,25635,9971
stag	2019,25633,9676
crux	2019,25574,17439
ruby	2019,25440,11464
swig	2019,25432,13540
pail	2019,25377,11574
toss	2019,25147,14471
reps	2019,25141,4301
moat	2019,25036,9245
muse	2019,24961,12124
pubs	2019,24864,10520
mite	2019,24761,9060
gout	2019,24748,8488
sure	2019,24743,16981
seer	2019,24548,8535
dent	2019,24503,15319
pups	2019,24374,5888
cool	2019,24315,17728
weld	2019,24284,1804
dope	2019,24230,8628
sock	2019,24146,12866
beet	2019,23941,8451
ford	2019,23921,8477
scam	2019,23889,11076
dune	2019,23864,5718
suns	2019,23854,11335
gash	2019,23847,14579
pike	2019,23825,8806
cusp	2019,23806,11518
silt	2019,23733,7291
gala	2019,23677,9769
owls	2019,23670,10393
thee	2019,23669,6826
ores	2019,23608,5175
bran	2019,23584,5957
main	2019,23519,15541
poop	2019,23519,7918
gist	2019,23514,16421
plus	2019,23506,15405
hogs	2019,23503,8334
agar	2019,23479,2797
comm	2019,23353,3041
rude	2019,23346,17690
hoof	2019,23333,10750
lice	2019,23324,8631
ware	2019,23308,7760
dare	2019,23306,15195
ment	2019,23306,9399
morn	2019,23284,8600
blot	2019,23243,10929
dais	2019,23241,7943
slug	2019,23176,9973
last	2019,23174,17241
keel	2019,23135,8988
levy	2019,23058,7510
teas	2019,22704,9945
flax	2019,22657,7716
carp	2019,22578,5568
sore	2019,22496,14444
tart	2019,22477,9167
ploy	2019,22361,15862
mono	2019,22340,9108
brig	2019,22324,3994
lash	2019,22297,12017
reel	2019,22149,10323
zoom	2019,22037,9064
lull	2019,21935,15864
keto	2019,21854,1688
chop	2019,21822,11684
isle	2019,21684,8809
rump	2019,21637,8936
muck	2019,21571,12128
colt	2019,21498,6810
huff	2019,21331,12594
tins	2019,21302,9684
nick	2019,21244,14360
lick	2019,21241,11942
taps	2019,21101,12216
porn	2019,21092,7024
buff	2019,21016,8930
reds	2019,20956,11970
fade	2019,20949,15187
bots	2019,20848,4162
meds	2019,20699,8301
pale	2019,20649,15212
suck	2019,20565,11281
pews	2019,20537,11105
rung	2019,20482,13537
husk	2019,20347,9141
char	2019,20272,4073
mace	2019,20216,5724
kiln	2019,20186,5043
dine	2019,20177,11655
cubs	2019,20104,6224
jams	2019,20028,11649
spam	2019,19930,5359
sled	2019,19923,4589
hops	2019,19916,7229
prom	2019,19850,7778
demo	2019,19839,6116
hack	2019,19775,9639
pals	2019,19596,10695
clap	2019,19542,12940
wasp	2019,19512,7194
wavy	2019,19475,12417
hype	2019,19395,11114
fiat	2019,19341,7777
pegs	2019,19308,10205
dill	2019,19305,4449
plow	2019,19298,8371
vale	2019,19221,8021
loot	2019,19217,9188
shin	2019,19184,11521
wisp	2019,19175,12324
grub	2019,19134,7478
sham	2019,19110,12731
rout	2019,19102,10481
beep	2019,19069,9754
veal	2019,19040,5931
xxii	2019,19021,6824
lark	2019,19002,10614
tubs	2019,18942,10300
peep	2019,18884,12653
lows	2019,18875,11425
trim	2019,18779,10936
inns	2019,18764,8813
bard	2019,18620,6241
warp	2019,18493,7818
tsar	2019,18403,2149
dens	2019,18372,9184
mana	2019,18320,2197
sips	2019,18297,13154
pall	2019,18294,12001
lyre	2019,18262,6126
hoax	2019,18157,9212
mobs	2019,18155,9379
warm	2019,18080,14034
dies	2019,18047,10270
lard	2019,17976,6606
flue	2019,17933,3566
axon	2019,17878,2362
thug	2019,17859,8256
piss	2019,17858,9004
cask	2019,17838,6056
near	2019,17805,13451
gays	2019,17694,5534
dura	2019,17643,2251
skis	2019,17598,4827
fake	2019,17595,12005
haar	2019,17452,377
dads	2019,17431,8383
lang	2019,17405,5505
musk	2019,17399,8467
gigs	2019,17397,6818
mire	2019,17338,10191
ammo	2019,17321,5665
temp	2019,17300,6017
repr	2019,17262,3128
gran	2019,17249,4372
bans	2019,17217,7703
dint	2019,17148,10281
soya	2019,17131,2417
tang	2019,17080,9765
hath	2019,17038,5711
grad	2019,17036,7699
tyre	2019,17029,5193
rams	2019,17013,5358
orbs	2019,16973,8532
skip	2019,16970,8562
bale	2019,16956,6990
coop	2019,16916,7081
clam	2019,16902,7252
tell	2019,16887,12124
educ	2019,16695,168
bake	2019,16693,8438
glen	2019,16629,4937
blob	2019,16591,8339
wilt	2019,16507,4920
meso	2019,16357,4520
rune	2019,16351,2220
ping	2019,16234,8373
sans	2019,16178,7129
egos	2019,16160,10583
rims	2019,16127,8482
malt	2019,15949,4381
yelp	2019,15939,10514
prow	2019,15928,7572
pyre	2019,15892,6825
duet	2019,15865,6812
lakh	2019,15827,2409
flop	2019,15822,8913
wick	2019,15807,8141
carb	2019,15796,2479
tarp	2019,15762,6180
foal	2019,15712,3866
wont	2019,15706,8753
long	2019,15701,7785
rink	2019,15676,5257
sane	2019,15409,11015
sion	2019,15401,6819
tuft	2019,15368,8666
chez	2019,15340,5199
hunk	2019,15314,9822
vena	2019,15229,1975
mien	2019,15224,7808
gore	2019,15178,8442
pars	2019,15100,3081
mash	2019,15022,5943
anon	2019,15013,6325
noir	2019,14993,4725
fiow	2019,14977,569
heal	2019,14962,10583
jugs	2019,14912,8579
loam	2019,14911,4469
cava	2019,14858,2219
wort	2019,14825,2360
rind	2019,14790,5600
bane	2019,14730,9679
funk	2019,14712,7876
hump	2019,14661,8309
seek	2019,14472,10656
lute	2019,14464,5278
wigs	2019,14448,8108
mead	2019,14441,4432
peal	2019,14424,8830
smog	2019,14399,6372
pout	2019,14266,9324
stub	2019,14257,7016
gilt	2019,14131,6876
swab	2019,14112,4840
prob	2019,14034,3125
deli	2019,14019,6490
dips	2019,14000,8858
eels	2019,13853,5705
what	2019,13819,10330
lily	2019,13783,7435
comp	2019,13763,4199
pant	2019,13759,9362
buoy	2019,13746,4376
rant	2019,13744,10229
jure	2019,13727,5700
mens	2019,13689,3457
fawn	2019,13676,7159
inks	2019,13668,3988
onus	2019,13668,9186
foul	2019,13661,9343
doer	2019,13652,7595
miso	2019,13606,1935
cabs	2019,13594,8174
dyad	2019,13591,4200
orgy	2019,13558,8554
gaol	2019,13549,4492
mica	2019,13549,3924
imam	2019,13457,2664
peck	2019,13411,9483
gong	2019,13349,7068
fols	2019,13345,1058
doth	2019,13313,4527
prev	2019,13313,316
twos	2019,13198,9332
pimp	2019,13189,5552
pers	2019,13022,2112
fart	2019,12960,7107
whit	2019,12943,8353
meme	2019,12895,4130
mesa	2019,12804,2629
etal	2019,12770,2440
ness	2019,12745,7187
byte	2019,12721,2428
aryl	2019,12655,1273
alto	2019,12648,4244
loin	2019,12638,4893
saws	2019,12605,7417
meth	2019,12550,4206
ghee	2019,12505,2422
lube	2019,12485,3069
cola	2019,12470,5709
ogre	2019,12430,4739
silo	2019,12421,4747
tome	2019,12419,7961
purr	2019,12370,7801
haha	2019,12275,3460
elms	2019,12157,5970
poor	2019,12118,8233
rasp	2019,12087,7331
sacs	2019,12033,4325
kelp	2019,11999,3578
como	2019,11982,1728
deep	2019,11981,8877
nerd	2019,11973,7089
sera	2019,11964,2869
cant	2019,11962,6050
coda	2019,11950,4219
bogs	2019,11942,5513
acyl	2019,11917,1678
chum	2019,11887,5889
sine	2019,11873,3478
exon	2019,11861,1484
ruts	2019,11860,7594
curd	2019,11811,3276
eons	2019,11805,6612
alum	2019,11791,3806
ture	2019,11773,4885
tics	2019,11772,4016
beau	2019,11718,6806
firs	2019,11715,5394
shah	2019,11715,1676
ovum	2019,11638,2303
zoos	2019,11611,3616
jute	2019,11534,3324
xxvi	2019,11529,4490
wiki	2019,11282,3975
rigs	2019,11268,5107
thro	2019,11261,2755
impf	2019,11218,59
tugs	2019,11202,7132
aria	2019,11201,3307
geek	2019,11193,5708
null	2019,11163,3479
naps	2019,11063,7139
nova	2019,10979,3359
lame	2019,10972,7235
cess	2019,10969,2911
slur	2019,10964,7703
prod	2019,10934,4972
digs	2019,10916,7320
flak	2019,10855,3316
corp	2019,10826,1189
dell	2019,10823,4895
lays	2019,10819,7341
gull	2019,10787,4626
mink	2019,10783,4222
puns	2019,10716,5947
crag	2019,10692,4913
gent	2019,10671,4741
ding	2019,10664,6290
puck	2019,10627,1791
meet	2019,10623,6107
urns	2019,10574,5646
lags	2019,10569,4061
gush	2019,10532,7240
nots	2019,10508,7095
volt	2019,10508,3351
diff	2019,10440,2107
toga	2019,10379,3516
lint	2019,10372,6178
docs	2019,10360,5252
pram	2019,10325,3442
ulna	2019,10303,1488
vise	2019,10277,6145
sess	2019,10270,1535
apse	2019,10265,2073
scab	2019,10202,5616
opus	2019,10177,6244
dale	2019,10162,4699
ewes	2019,10150,2662
cots	2019,10112,5952
fora	2019,10097,4303
idem	2019,10083,2086
func	2019,10063,1720
daft	2019,10054,5453
okra	2019,10049,2252
snob	2019,10028,6822
pres	2019,9975,2971
blah	2019,9971,4783
dyke	2019,9968,3625
bras	2019,9967,5605
args	2019,9937,752
chia	2019,9930,1998
mums	2019,9839,3858
chow	2019,9832,3807
bash	2019,9821,4808
coca	2019,9725,2260
init	2019,9707,1660
beck	2019,9699,6921
vets	2019,9686,3801
goin	2019,9684,3386
owne	2019,9667,1526
fern	2019,9666,4618
yams	2019,9663,3796
vane	2019,9652,3225
vita	2019,9607,2821
feds	2019,9590,3026
rook	2019,9576,2330
mush	2019,9552,6288
riff	2019,9548,5278
ling	2019,9547,2835
mike	2019,9535,3639
pith	2019,9526,4716
loch	2019,9519,1887
cogs	2019,9501,6161
rand	2019,9484,2317
bier	2019,9452,4879
pons	2019,9438,1669
zeta	2019,9438,1731
gaan	2019,9421,221
vera	2019,9384,3126
kink	2019,9360,4914
spar	2019,9347,4414
spec	2019,9345,3366
hulk	2019,9326,5746
eats	2019,9317,6555
jean	2019,9300,5862
odes	2019,9280,3326
mise	2019,9279,3649
vats	2019,9270,5064
fume	2019,9258,3619
stat	2019,9208,3899
soma	2019,9192,2110
khir	2019,9138,38
dong	2019,9124,3319
lynx	2019,9078,3492
sari	2019,9057,2504
hale	2019,9038,5784
pelt	2019,9038,4316
iota	2019,9035,6689
then	2019,8981,7595
punt	2019,8944,2934
quad	2019,8938,3450
lama	2019,8925,1553
waxy	2019,8918,5302
kcal	2019,8893,1532
cowl	2019,8866,3611
ence	2019,8861,4777
voor	2019,8849,2447
john	2019,8826,4095
skew	2019,8741,2712
thaw	2019,8684,5464
teak	2019,8677,4214
dist	2019,8649,1694
blip	2019,8632,6154
ales	2019,8612,1975
tant	2019,8589,1451
gals	2019,8580,4387
kilo	2019,8563,4187
serf	2019,8550,3588
waqf	2019,8530,506
grog	2019,8516,3468
taro	2019,8514,1564
yank	2019,8499,6286
bevy	2019,8482,6452
fait	2019,8468,5766
chan	2019,8467,1588
kilt	2019,8446,3460
leek	2019,8412,2775
lire	2019,8402,1979
tote	2019,8359,3659
yaon	2018,8353,85
mans	2019,8348,3221
sows	2019,8336,2142
barb	2019,8325,5535
sirs	2019,8258,3660
hams	2019,8243,4496
lilt	2019,8184,6228
reek	2019,8168,5157
dike	2019,8157,2733
eros	2019,8144,2203
ooze	2019,8136,5047
gill	2019,8108,1910
hoss	2019,8097,1520
poke	2019,8090,6062
weir	2019,8033,2115
wane	2019,8023,6488
casa	2019,8001,2155
snub	2019,7982,5735
doze	2019,7959,5865
leer	2019,7952,5473
kerb	2019,7948,3925
hoot	2019,7934,6063
incl	2019,7907,1329
xxix	2019,7902,3265
fogs	2019,7893,5048
pics	2019,7883,4206
mutt	2019,7797,4249
taco	2019,7787,3317
also	2019,7786,6358
quip	2019,7739,6195
whiz	2019,7728,5890
dram	2019,7720,3399
fads	2019,7702,5268
aloe	2019,7691,3467
fuzz	2019,7668,5268
dual	2019,7663,2459
chit	2019,7626,4046
adam	2019,7582,1722
subs	2019,7555,2590
rasa	2019,7547,3345
xxiv	2019,7517,3650
gens	2019,7515,1805
diva	2019,7444,4010
banc	2019,7391,1175
kirk	2019,7379,1533
bool	2019,7375,691
frat	2019,7347,3542
dupe	2019,7345,4472
buts	2019,7318,5878
semi	2019,7317,4908
peso	2019,7316,1960
ague	2019,7304,4144
wart	2019,7245,3658
stun	2019,7233,2664
fter	2019,7231,5003
glut	2019,7190,4936
omni	2019,7187,2831
ruff	2019,7170,3171
holo	2019,7165,1039
resp	2019,7140,1731
bene	2019,7131,3016
yogi	2019,7131,1901
mart	2019,7122,4197
perp	2019,7102,2379
like	2019,7101,5835
feng	2019,7064,1908
flee	2019,7048,5616
rote	2019,7036,5315
jock	2019,7006,4046
tyme	2019,6976,1191
nevi	2019,6963,532
rubs	2019,6959,4669
ings	2019,6947,3603
esse	2019,6935,1274
jabs	2019,6932,5236
shek	2019,6927,1351
dans	2019,6918,2817
emir	2019,6891,1252
hypo	2019,6875,2949
spas	2019,6874,3126
cara	2019,6861,1285
jamb	2019,6860,4125
weft	2019,6835,2212
skim	2019,6827,3172
aqua	2019,6821,4114
pate	2019,6749,4638
sunt	2019,6748,2164
gage	2019,6740,2338
slop	2019,6704,4458
hoes	2019,6700,3735
xxxi	2019,6695,2745
ther	2019,6670,2333
bien	2019,6669,2777
clod	2019,6669,4446
paul	2019,6628,1058
orcs	2019,6615,853
begs	2019,6612,5400
vide	2019,6604,2521
eddy	2019,6598,3642
mayo	2019,6594,2903
snag	2019,6594,4674
skid	2019,6583,3871
weep	2019,6578,5007
aces	2019,6551,3171
gyms	2019,6524,4061
plat	2019,6514,1839
woof	2019,6501,4118
byes	2019,6475,4410
java	2019,6475,1996
amps	2019,6474,1770
kegs	2019,6459,3368
alba	2019,6421,1882
endo	2019,6419,1815
mime	2019,6399,2970
sung	2019,6395,3614
glia	2019,6390,1137
coon	2019,6370,2360
czar	2019,6369,2391
pats	2019,6364,5054
fang	2019,6353,3163
suds	2019,6350,4417
feta	2019,6323,1702
flex	2019,6318,3950
cryo	2019,6313,1005
bums	2019,6306,4428
umma	2019,6291,684
deft	2019,6250,5163
nana	2019,6238,1875
conc	2019,6215,996
goon	2019,6191,2750
cols	2019,6186,1586
thru	2019,6174,2872
pany	2019,6131,1251
puss	2019,6105,3201
vamp	2019,6091,1458
ices	2019,6081,2699
mech	2019,6076,572
diam	2019,6073,635
pent	2019,6061,4455
tusk	2019,6061,2955
imps	2019,6059,3135
abbe	2019,6038,348
rapt	2019,6024,4974
diag	2019,6002,1438
roan	2019,5971,2236
heme	2019,5968,1311
snot	2019,5965,4369
voce	2019,5955,4064
sein	2019,5937,1657
clew	2019,5906,2526
swag	2019,5900,3054
heft	2019,5886,4736
thet	2019,5854,676
inst	2019,5849,1890
fizz	2019,5843,3860
boob	2019,5842,3365
ance	2019,5840,3246
fief	2019,5835,1887
fete	2019,5831,2345
talc	2019,5823,2043
dews	2019,5819,3602
whys	2019,5804,4449
loon	2019,5791,3467
roam	2019,5786,4858
nmol	2019,5785,1143
magi	2019,5782,1539
cela	2019,5778,1836
cuss	2019,5749,3481
ails	2019,5732,3912
waif	2019,5716,3809
tuck	2019,5711,3714
watt	2019,5689,2154
fret	2019,5676,2965
floe	2019,5673,1240
weer	2019,5647,203
puke	2019,5621,3997
skit	2019,5599,3070
muff	2019,5585,2893
more	2019,5578,5269
alar	2019,5566,473
diem	2019,5557,2882
slow	2019,5553,5026
raps	2019,5552,3296
jays	2019,5540,2486
weal	2019,5534,3343
judo	2019,5527,2021
waft	2019,5458,4210
whir	2019,5458,4240
yurt	2019,5454,1030
wren	2019,5418,2367
murk	2019,5411,3620
romp	2019,5395,4229
msec	2019,5369,837
minx	2019,5368,3489
tanh	2019,5359,1267
hums	2019,5347,4053
ting	2019,5310,3025
tors	2019,5309,2798
hans	2019,5307,673
rime	2019,5222,2212
proj	2019,5176,653
mote	2019,5162,3096
jinn	2019,5148,875
mitt	2019,5136,2756
kiwi	2019,5134,2370
oboe	2019,5131,1716
twat	2019,5130,1912
hobo	2019,5107,2371
once	2019,5104,4709
hock	2019,5099,2419
hems	2019,5095,3421
mend	2019,5095,4064
sous	2019,5091,1529
with	2019,5075,4292
dere	2019,5068,1575
repo	2019,5066,769
oder	2019,5065,2377
gags	2019,5030,2930
gnat	2019,5029,3664
glob	2019,5017,3164
suet	2019,5014,1765
dang	2019,5001,1850
bade	2019,4997,3613
nasa	2019,4988,381
cosy	2019,4986,3580
tres	2019,4971,2039
ohms	2019,4969,1031
pecs	2019,4969,3150
baba	2019,4921,1502
that	2019,4899,4040
hula	2019,4890,1809
json	2019,4886,721
deco	2019,4884,2516
sump	2019,4866,1451
dont	2019,4864,1701
sens	2019,4858,1733
alfa	2019,4856,1118
mews	2019,4841,2210
chai	2019,4810,1697
tuff	2019,4804,1047
reus	2019,4789,472
secs	2019,4789,1231
kine	2019,4781,2187
teal	2019,4777,2837
hind	2019,4770,2337
mary	2019,4765,2039
molt	2019,4756,829
cine	2019,4753,1366
mair	2019,4747,870
rife	2019,4744,4130
bobs	2019,4739,3565
runt	2019,4739,3033
alle	2019,4731,1433
wird	2019,4722,1457
onyx	2019,4712,2910
acme	2019,4708,3406
gaff	2019,4699,2161
zing	2019,4695,3429
alga	2019,4683,1131
loli	2019,4680,468
ters	2019,4666,2285
orig	2019,4661,987
pips	2019,4659,2052
putt	2019,4657,1254
pita	2019,4656,1873
faux	2019,4645,3924
bios	2019,4620,2295
gras	2019,4609,1931
lacy	2019,4606,3110
puts	2019,4603,1989
ergo	2019,4596,2878
chol	2019,4592,238
fens	2019,4566,1969
cout	2019,4564,158
lath	2019,4561,2218
puja	2019,4547,1073
lout	2019,4535,3141
moot	2019,4535,2804
fust	2019,4533,1569
mamm	2019,4518,251
neem	2019,4506,1259
fiqh	2019,4502,599
shui	2019,4483,1245
isbn	2019,4477,1472
wimp	2019,4471,3348
lank	2019,4456,3170
slob	2019,4454,3331
ella	2019,4444,899
pupa	2019,4440,1197
exes	2019,4415,2762
five	2019,4410,3811
kata	2019,4409,768
pron	2019,4399,276
prim	2019,4367,3476
turd	2019,4360,2830
cosh	2019,4357,1091
gins	2019,4354,1985
kith	2019,4349,3067
tock	2019,4341,2060
conv	2019,4319,693
plop	2019,4314,3452
isms	2019,4287,2776
lisp	2019,4279,2991
alla	2019,4268,1575
gyri	2019,4267,813
duds	2019,4246,3123
shoo	2019,4239,2310
weet	2019,4236,472
sich	2019,4226,1817
boos	2019,4225,2928
lira	2019,4223,1513
mays	2019,4219,1185
lees	2019,4218,1948
auld	2019,4217,1235
aspx	2019,4201,2667
jowl	2019,4199,3258
crus	2019,4188,615
mort	2019,4187,1646
wads	2019,4183,3286
pong	2019,4178,2710
teat	2019,4174,2029
slog	2019,4154,3323
crit	2019,4150,980
kang	2019,4142,558
conn	2019,4119,414
tabu	2019,4106,887
corr	2019,4102,980
doxa	2019,4099,1478
dojo	2019,4095,952
puma	2019,4087,1265
scat	2019,4078,1683
cobs	2019,4064,2183
cams	2019,4059,1792
ruth	2019,4055,1303
zona	2019,4040,904
mics	2019,4038,1595
raja	2019,4033,853
rosa	2019,4016,2004
muon	2019,4012,394
conj	2019,3997,393
weel	2019,3996,931
burp	2019,3982,2966
shag	2019,3979,2792
fide	2019,3972,2282
cont	2019,3968,1133
curs	2019,3968,2664
rips	2019,3966,3095
wang	2019,3962,1193
coll	2019,3952,994
mojo	2019,3938,2261
berm	2019,3924,1466
slaw	2019,3915,1415
pues	2019,3913,493
choy	2019,3906,1153
jibe	2019,3889,3226
faba	2019,3883,632
prof	2019,3880,1916
clog	2019,3879,2637
kohl	2019,3878,2325
lima	2019,3872,1832
gape	2019,3871,2355
fell	2019,3856,2744
dons	2019,3855,2216
arte	2019,3853,1722
rill	2019,3850,2068
wees	2019,3841,296
exec	2019,3839,1627
welt	2019,3838,2537
boor	2019,3831,2734
prig	2019,3828,2595
poof	2019,3823,2926
pili	2019,3798,723
dirk	2019,3784,1302
vole	2019,3784,1254
camo	2019,3780,1927
nada	2019,3766,1848
hajj	2019,3754,962
here	2019,3749,3244
marl	2019,3738,1386
vers	2019,3738,1703
dolt	2019,3733,2764
juan	2019,3733,434
lode	2019,3720,1942
rood	2019,3718,1771
seep	2019,3712,2832
bibl	2019,3701,83
loco	2019,3693,1680
peon	2019,3683,1474
toms	2019,3682,1898
foie	2019,3669,1384
goad	2019,3667,2600
mbar	2019,3661,913
gret	2019,3650,468
shee	2019,3649,795
sass	2019,3647,2720
dork	2019,3643,2364
matt	2019,3640,1592
mony	2019,3638,1134
weil	2019,3631,902
meed	2019,3623,2364
pmol	2019,3621,751
tory	2019,3615,2169
bein	2019,3596,1883
hank	2019,3593,2244
yawl	2019,3592,848
ajar	2019,3586,3171
sick	2019,3586,501
sulk	2019,3578,3085
fiux	2019,3577,256
jigs	2019,3571,1873
fags	2019,3557,1870
veld	2019,3535,652
dour	2019,3533,2977
ebbs	2019,3528,3023
jing	2019,3515,496
conf	2019,3501,778
gosh	2019,3485,2276
tees	2019,3483,1979
nach	2019,3480,1640
idee	2019,3477,1200
haus	2019,3474,322
brag	2019,3464,2555
meow	2019,3457,2186
enol	2019,3454,503
logn	2019,3450,407
spry	2019,3449,2862
todo	2019,3447,1655
gyre	2019,3444,995
haft	2019,3442,1659
hong	2019,3442,1100
sods	2019,3430,2316
maar	2019,3421,288
roun	2019,3419,782
nips	2019,3411,2540
anal	2019,3406,1899
clef	2019,3406,1337
ples	2019,3401,1337
baht	2019,3400,698
dunk	2019,3400,2371
sqrt	2019,3389,676
enum	2019,3376,381
hame	2019,3375,872
refs	2019,3374,1075
boyd	2019,3371,645
sago	2019,3368,1039
ming	2019,3360,1351
wadi	2019,3360,786
toto	2019,3356,2682
rick	2019,3336,1564
shad	2019,3333,1329
faro	2019,3332,1262
elle	2019,3331,1126
coms	2019,3327,1329
iced	2019,3315,2817
hags	2019,3307,1847
nome	2019,3307,653
govt	2019,3299,1088
guar	2019,3294,762
hots	2019,3278,2394
patt	2019,3265,99
bona	2019,3262,2419
swat	2019,3260,2182
anno	2019,3253,1428
sche	2019,3250,240
yere	2019,3248,758
supp	2019,3244,961
gunk	2019,3243,2302
syne	2019,3241,1100
foll	2019,3239,262
publ	2019,3239,629
fife	2019,3235,2054
dren	2019,3231,1282
goth	2019,3222,1477
muss	2019,3222,1671
goer	2019,3215,2695
tars	2019,3198,1400
dole	2019,3188,2069
glam	2019,3170,1849
proc	2019,3164,624
voir	2019,3162,708
jour	2019,3154,2230
lugs	2019,3152,1336
afar	2019,3146,2812
domo	2019,3146,1300
torr	2019,3146,534
vasa	2019,3138,716
typo	2019,3118,2470
nibs	2019,3114,1315
perk	2019,3113,2693
sama	2019,3106,617
newt	2019,3099,1265
orca	2019,3091,867
cozy	2019,3089,2627
chen	2019,3074,864
cosa	2019,3074,961
berg	2019,3066,1216
paso	2019,3066,717
aire	2019,3058,1036
chic	2019,3036,2372
hors	2019,3035,1774
robo	2019,3034,688
shew	2019,3033,1429
helo	2019,3031,468
bury	2019,3029,2443
else	2019,3029,2375
doge	2019,3023,691
scow	2019,3023,960
tiff	2019,3019,2457
ning	2019,3017,1818
dodo	2019,3015,1745
sity	2019,3015,1976
tern	2019,3003,1368
tarn	2019,2996,1153
loue	2019,2992,394
mons	2019,2988,1293
trig	2019,2988,1188
smut	2019,2984,1874
rela	2019,2976,2105
viol	2019,2973,1327
agro	2019,2969,1446
este	2019,2966,757
ncaa	2019,2966,72
robs	2019,2958,2462
snip	2019,2954,2149
posy	2019,2953,1799
bole	2019,2936,1671
sinh	2019,2935,619
sols	2019,2934,816
lope	2019,2925,1684
tots	2019,2918,1953
soos	2019,2915,139
dank	2019,2912,2590
misc	2019,2909,759
eula	2019,2908,2906
dhow	2019,2906,478
rota	2019,2888,1815
mops	2019,2885,2271
psia	2019,2880,214
coif	2019,2867,1533
sura	2019,2865,589
clop	2019,2862,1848
burg	2019,2861,1640
tutu	2019,2859,1565
masa	2019,2856,529
diol	2019,2855,825
disp	2019,2852,417
heah	2019,2851,598
dibs	2019,2848,2312
weng	2019,2848,319
thuj	2018,2840,4
daar	2019,2839,173
chug	2019,2830,1927
ects	2019,2830,513
kbps	2019,2825,588
hick	2019,2822,1999
slay	2019,2819,1880
ruck	2019,2817,1418
doon	2019,2816,796
caso	2019,2815,1044
werk	2019,2805,454
vino	2019,2797,1582
perm	2019,2786,1586
meer	2019,2780,781
byre	2019,2776,1055
nubs	2019,2770,2079
sati	2019,2758,801
fasc	2019,2755,734
faun	2019,2745,1219
wuss	2019,2741,1983
illa	2019,2740,1018
suru	2019,2740,232
buys	2019,2738,1874
kiva	2019,2736,290
baie	2019,2735,151
amor	2019,2730,1355
ords	2019,2728,501
fils	2019,2727,1384
puer	2019,2727,569
vias	2019,2726,447
goop	2019,2722,1683
dass	2019,2718,767
rave	2019,2717,1885
yews	2019,2714,1466
dray	2019,2700,1227
bong	2019,2693,1470
roux	2019,2691,791
honk	2019,2688,2243
ibis	2019,2686,1265
bide	2019,2685,1462
ibex	2019,2685,930
kama	2019,2685,398
tong	2019,2684,976
yaws	2019,2675,697
dabs	2019,2658,1987
coot	2019,2650,1888
holt	2019,2643,1254
maya	2019,2633,615
yaks	2019,2628,767
juin	2019,2613,910
vida	2019,2613,894
hows	2019,2602,2014
zine	2019,2599,1008
capo	2019,2598,1037
subd	2019,2592,133
auth	2019,2591,482
nits	2019,2591,1304
ques	2019,2591,1832
mina	2019,2589,680
sear	2019,2583,1404
gobs	2019,2581,2008
gure	2019,2581,401
pica	2019,2578,918
expo	2019,2576,1277
mann	2019,2575,1265
kmph	2019,2570,378
deux	2019,2568,1365
ower	2019,2567,876
mala	2019,2565,1002
frag	2019,2558,697
ager	2019,2557,1240
prog	2019,2557,787
kuru	2019,2552,333
ouse	2019,2552,1176
tain	2019,2545,1471
stan	2019,2542,1452
jarl	2019,2533,225
juke	2019,2532,1186
quid	2019,2529,1772
arty	2019,2516,1717
nori	2019,2516,590
bros	2019,2511,1646
http	2019,2511,1128
yeti	2019,2511,575
pion	2019,2499,371
agri	2019,2494,975
roti	2019,2490,999
elec	2019,2487,1221
tufa	2019,2484,745
relu	2019,2481,350
mods	2019,2480,886
meek	2019,2476,1719
duff	2019,2474,1498
jins	2019,2473,244
bers	2019,2468,1567
cher	2019,2453,1035
rami	2019,2453,526
tare	2019,2453,915
shua	2019,2452,798
peds	2019,2448,239
tuba	2019,2447,1192
pada	2019,2442,375
elif	2019,2436,294
rete	2019,2433,460
easy	2019,2428,2127
nuke	2019,2428,994
shan	2019,2427,583
glum	2019,2423,2197
raga	2019,2423,521
itis	2019,2421,1463
tans	2019,2421,1899
tobe	2019,2421,1631
sown	2019,2416,1599
sone	2019,2410,554
gude	2019,2406,580
dyer	2019,2403,1277
unos	2019,2403,406
hake	2019,2398,837
lawe	2019,2393,479
erat	2019,2392,771
tris	2019,2389,871
brac	2019,2386,1841
agen	2019,2385,968
raff	2019,2385,1934
sola	2019,2385,1036
cond	2019,2381,636
choo	2019,2380,1038
cker	2019,2379,1128
ordo	2019,2376,725
sewn	2019,2374,1778
hoar	2019,2373,1617
fuze	2019,2370,179
bung	2019,2367,1298
infx	2019,2363,248
prix	2019,2362,859
pete	2019,2361,424
psig	2019,2361,306
seqq	2019,2358,190
tung	2019,2358,885
bawd	2019,2356,823
ersk	2018,2355,61
shea	2019,2351,717
alls	2019,2340,1833
togs	2019,2338,1665
gibe	2019,2336,1888
shen	2019,2335,567
redo	2019,2327,957
zijn	2019,2327,339
nity	2019,2323,1447
ents	2019,2319,1390
bolo	2019,2318,916
chem	2019,2318,1258
donc	2019,2318,1062
masc	2019,2316,312
chos	2019,2315,182
tive	2019,2313,1618
dada	2019,2296,959
bunt	2019,2294,748
ewer	2019,2294,1371
hier	2019,2291,616
ying	2019,2289,798
indi	2019,2287,1627
cies	2019,2286,1295
anna	2019,2284,856
luke	2019,2279,405
kart	2019,2275,418
tipi	2019,2269,532
daub	2019,2264,1540
fain	2019,2262,1275
kbar	2019,2255,209
corm	2019,2250,338
swam	2019,2249,2077
ille	2019,2243,869
bray	2019,2233,1716
agua	2019,2226,721
koji	2019,2226,149
nunc	2019,2223,830
utca	2019,2214,85
sala	2019,2213,737
poco	2019,2207,854
adze	2019,2204,971
vlog	2019,2198,610
kala	2019,2194,804
seta	2019,2191,278
fane	2019,2188,1167
apud	2019,2186,909
glug	2019,2185,1090
nost	2019,2183,42
bing	2019,2179,1093
hyar	2019,2179,261
nags	2019,2179,1539
flan	2019,2177,938
swum	2019,2173,1862
moto	2019,2172,850
muds	2019,2165,834
nafs	2019,2165,367
sair	2019,2163,672
wags	2019,2161,1754
mags	2019,2157,1288
nate	2019,2153,1491
xlii	2019,2153,966
dopa	2019,2152,704
itet	2019,2141,913
miry	2019,2138,1641
rots	2019,2138,1235
deme	2019,2133,412
pock	2019,2131,1487
zips	2019,2130,1618
jinx	2019,2126,1431
gris	2019,2124,798
hart	2019,2124,782
sumo	2019,2124,1126
kent	2019,2122,625
sate	2019,2116,1246
coun	2019,2111,1228
poms	2019,2110,1296
purl	2019,2108,411
viva	2019,2108,621
kmol	2019,2107,195
tats	2019,2106,1198
yore	2019,2106,1713
craw	2019,2104,1737
eval	2019,2096,721
cyan	2019,2095,1111
ream	2019,2093,1306
ells	2019,2089,1068
marc	2019,2088,571
ries	2019,2085,1509
tiki	2019,2075,989
tine	2019,2072,1328
tori	2019,2070,481
tyke	2019,2068,1356
mich	2019,2064,707
saae	2018,2063,114
souk	2019,2062,726
boll	2019,2059,790
coed	2019,2058,1449
sudo	2019,2048,343
juju	2019,2041,900
mers	2019,2030,643
omas	2019,2029,275
coos	2019,2025,1476
lino	2019,2024,1230
genu	2019,2021,460
freq	2019,2020,610
jizz	2019,2017,735
shim	2019,2017,594
wifi	2019,2017,1132
dost	2019,2014,1266
arme	2019,2011,703
fibs	2019,2009,1540
cals	2019,2008,409
subj	2019,1998,287
pert	2019,1997,1509
ayah	2019,1996,548
palo	2019,1994,726
twit	2019,1994,1450
pone	2019,1988,741
vail	2019,1988,648
alan	2019,1987,427
cram	2019,1986,1193
maul	2019,1986,916
agon	2019,1985,691
pico	2019,1985,1027
yuck	2019,1985,1522
chub	2019,1984,831
hist	2019,1984,738
yoni	2019,1977,366
muta	2019,1976,232
caja	2019,1974,253
bast	2019,1972,776
floc	2019,1972,347
hols	2019,1969,395
iets	2019,1969,151
beth	2019,1967,710
lege	2019,1967,1172
dede	2019,1960,355
kola	2019,1954,594
mano	2019,1954,939
cist	2019,1952,311
pell	2019,1951,1581
maak	2019,1948,128
sues	2019,1948,1232
dela	2019,1946,1107
thim	2019,1946,429
hasp	2019,1944,1300
kube	2019,1944,79
peng	2019,1944,997
caul	2019,1943,857
tice	2019,1943,1281
cura	2019,1941,838
tian	2019,1940,516
naga	2019,1939,373
dept	2019,1935,1059
koan	2019,1932,690
cada	2019,1923,469
shel	2019,1923,417
mand	2019,1922,692
sags	2019,1919,1297
loos	2019,1916,1252
trac	2019,1909,368
ders	2019,1904,951
ojos	2019,1901,427
otto	2019,1890,645
burs	2019,1888,729
jeer	2019,1884,1557
tete	2019,1882,1028
ichi	2019,1878,696
sett	2019,1876,841
voel	2019,1876,100
rath	2019,1875,459
gibt	2019,1873,604
hone	2019,1872,1484
bint	2019,1871,627
dado	2019,1870,808
alot	2019,1867,1073
perv	2019,1864,1331
sibs	2019,1858,509
rect	2019,1850,613
duos	2019,1849,1126
tate	2019,1844,1144
uote	2019,1839,13
auch	2019,1835,739
dawg	2019,1835,706
sind	2019,1835,773
ller	2019,1831,437
trad	2019,1830,786
abbr	2019,1829,121
puir	2019,1827,520
suis	2019,1827,724
ende	2019,1824,599
eric	2019,1819,604
chee	2019,1817,576
bons	2019,1816,1269
yama	2019,1815,523
biro	2019,1814,1154
rede	2019,1813,646
yowl	2019,1809,1406
cron	2019,1802,236
vaso	2019,1798,573
vile	2019,1797,1545
ince	2019,1796,1358
toon	2019,1796,761
cole	2019,1789,875
sere	2019,1787,1347
goda	2019,1782,452
bleb	2019,1781,423
cull	2019,1780,1074
geez	2019,1774,1282
crud	2019,1773,1225
ites	2019,1770,477
brie	2019,1768,1178
dict	2019,1767,493
scud	2019,1767,1181
doux	2019,1762,1115
tyro	2019,1757,1353
bawl	2019,1754,1458
hese	2019,1754,1324
riba	2019,1751,270
mani	2019,1749,1141
kyng	2019,1747,311
moue	2019,1747,1324
vous	2019,1747,964
phil	2019,1744,714
grey	2019,1740,1068
desc	2019,1737,293
equi	2019,1736,619
lata	2019,1733,637
sinc	2019,1732,378
fink	2019,1726,832
soli	2019,1725,728
logy	2019,1724,985
thar	2019,1723,514
braw	2019,1720,665
ight	2019,1719,989
ikon	2019,1717,416
peut	2019,1716,803
gyro	2019,1715,743
doin	2019,1712,1113
aeon	2019,1707,765
xlab	2019,1707,158
pdfs	2019,1702,1004
amyl	2019,1694,724
slat	2019,1694,1126
rima	2019,1691,651
amir	2019,1690,316
bibs	2019,1690,1301
daed	2019,1684,157
cepa	2019,1683,517
maxi	2019,1681,1213
culm	2019,1670,303
ater	2019,1667,850
meas	2019,1665,770
kips	2019,1664,161
adab	2019,1661,274
hara	2019,1657,781
lite	2019,1657,1087
oper	2019,1657,1038
agin	2019,1656,780
deva	2019,1656,503
wyrm	2019,1653,191
merc	2019,1651,339
vape	2019,1648,671
eers	2019,1643,128
vara	2019,1643,380
xxxx	2019,1642,514
oops	2019,1641,1360
opts	2019,1641,1331
baud	2019,1639,476
ylab	2019,1639,160
cote	2019,1638,941
tapu	2019,1638,274
frum	2019,1635,294
pont	2019,1635,762
regs	2019,1632,812
tael	2019,1629,527
tana	2019,1629,300
obey	2019,1622,1280
xian	2019,1622,261
saam	2019,1620,120
dosa	2019,1619,537
emus	2019,1619,750
echr	2019,1617,43
filo	2019,1616,497
dxdy	2019,1613,407
uchi	2019,1611,163
vies	2019,1609,1192
bajo	2019,1605,468
bare	2019,1604,1178
wenn	2019,1601,555
afro	2019,1597,1030
sont	2019,1597,675
maim	2019,1592,1402
coxa	2019,1591,226
iran	2019,1590,436
fado	2019,1589,217
gers	2019,1589,695
iter	2019,1588,593
kapp	2019,1587,283
trol	2019,1586,1014
posi	2019,1585,1250
frit	2019,1583,435
acac	2019,1580,294
crip	2019,1580,327
mora	2019,1579,474
croc	2019,1577,544
revs	2019,1577,998
haem	2019,1576,435
sloe	2019,1575,974
sitz	2019,1574,475
calc	2019,1573,425
orzo	2019,1572,394
brae	2019,1565,595
coco	2019,1565,841
kana	2019,1560,355
nays	2019,1557,649
yips	2019,1556,1054
haue	2019,1554,362
nane	2019,1550,485
haka	2019,1549,324
plod	2019,1544,1225
asia	2019,1541,478
liii	2019,1538,713
yada	2019,1537,697
saps	2019,1535,1120
allo	2019,1534,441
sept	2019,1534,669
dijo	2019,1531,208
shih	2019,1528,372
expr	2019,1527,220
gild	2019,1527,571
faen	2019,1524,23
cruz	2019,1520,443
fuit	2019,1519,673
wert	2019,1514,1008
ands	2019,1508,1046
gaga	2019,1508,1246
troy	2019,1508,587
etch	2019,1505,497
fava	2019,1503,672
jung	2019,1503,450
prot	2019,1503,325
oday	2019,1502,895
vata	2019,1494,183
kerf	2019,1491,253
sana	2019,1491,780
trou	2019,1490,627
bubo	2019,1489,500
quod	2019,1483,666
next	2019,1482,1296
ging	2019,1478,701
burr	2019,1477,1174
mobi	2019,1475,1404
bads	2019,1474,744
trod	2019,1474,1253
bund	2019,1473,524
duma	2019,1473,187
mrad	2019,1473,297
theo	2019,1472,623
xlix	2019,1470,768
pugs	2019,1467,596
gros	2019,1466,662
goby	2019,1464,361
joss	2019,1460,826
gatt	2019,1457,73
awls	2019,1455,772
toff	2019,1450,881
lacs	2019,1448,419
lich	2019,1448,233
wets	2019,1447,775
fada	2019,1446,101
goto	2019,1445,728
updo	2019,1444,1118
niks	2019,1443,146
tard	2019,1443,624
ghat	2019,1440,443
bara	2019,1439,613
anni	2019,1437,573
evac	2019,1436,558
fixe	2019,1436,998
drab	2019,1435,1126
ipsa	2019,1435,581
vert	2019,1435,479
hile	2019,1434,1214
hora	2019,1434,735
coir	2019,1431,484
ross	2019,1429,581
uber	2019,1429,1018
luna	2019,1428,671
alma	2019,1426,693
guff	2019,1426,1218
goji	2019,1425,529
loro	2019,1424,349
rove	2019,1424,877
woad	2019,1424,678
trin	2019,1423,81
cles	2019,1422,837
enim	2019,1422,492
nrow	2019,1421,159
rich	2019,1420,1164
vids	2019,1419,585
juge	2019,1417,428
modo	2019,1417,869
haps	2019,1412,974
yeas	2019,1412,622
cade	2019,1411,360
fops	2019,1410,1047
caro	2019,1404,729
dood	2019,1404,309
fitz	2019,1403,137
hace	2019,1403,385
euer	2019,1400,337
mots	2019,1396,999
cray	2019,1395,622
cate	2019,1393,1001
seva	2019,1393,247
babu	2019,1391,342
bosh	2019,1390,1014
sigs	2019,1386,283
trie	2019,1386,245
wain	2019,1385,731
eden	2019,1380,287
jess	2019,1380,366
alta	2019,1378,559
eect	2019,1377,175
duns	2019,1376,679
spes	2019,1376,503
noch	2019,1375,613
itty	2019,1374,1067
boas	2019,1373,943
yaar	2019,1372,303
utes	2019,1370,867
mais	2019,1367,717
sook	2019,1367,312
dink	2019,1362,448
avid	2019,1359,1171
eave	2019,1358,927
fice	2019,1353,859
poli	2019,1353,795
cath	2019,1352,512
moly	2019,1351,894
yuga	2019,1351,294
rapa	2019,1348,377
zein	2019,1348,261
geht	2019,1347,583
shul	2019,1347,387
achy	2019,1345,1188
andy	2019,1344,762
goof	2019,1344,1061
cigs	2019,1341,529
lido	2019,1341,300
mita	2019,1340,207
marm	2019,1338,577
nmap	2019,1338,120
rads	2019,1334,474
shay	2019,1334,598
eves	2019,1332,1029
eyre	2019,1332,124
live	2019,1331,1082
tems	2019,1331,837
hees	2019,1327,322
suum	2019,1323,744
jism	2019,1322,453
arco	2019,1321,465
ffow	2019,1321,46
azar	2019,1319,461
mahi	2019,1319,410
dana	2019,1313,524
gies	2019,1312,939
flab	2019,1302,1057
gare	2019,1301,367
obit	2019,1299,751
demi	2019,1298,851
busi	2019,1295,961
prin	2019,1294,827
girt	2019,1293,950
rien	2019,1293,739
arid	2019,1292,985
meld	2019,1292,910
esos	2019,1291,298
xxxv	2019,1291,946
zhen	2019,1291,426
unas	2019,1288,348
oris	2019,1287,504
jews	2019,1286,565
naos	2019,1286,236
mets	2019,1283,347
shaw	2019,1282,609
coef	2019,1278,398
serv	2019,1276,520
bhai	2019,1274,262
arum	2019,1270,636
jefe	2019,1268,360
sccm	2019,1267,237
tage	2019,1266,752
eter	2019,1264,762
shun	2019,1264,876
wark	2019,1263,423
idyl	2019,1260,763
hemi	2019,1257,675
rums	2019,1257,485
tela	2019,1257,378
ouzo	2019,1255,536
hung	2019,1253,1105
orts	2019,1253,311
tapa	2019,1253,439
tows	2019,1249,456
decl	2019,1248,86
syde	2019,1248,356
puce	2019,1247,995
nara	2019,1246,180
mete	2019,1245,578
veda	2019,1245,328
naan	2019,1244,640
rube	2019,1244,880
ists	2019,1243,878
pepo	2019,1243,301
poel	2019,1243,23
keer	2019,1242,453
tush	2019,1242,887
opal	2019,1240,775
phos	2019,1239,441
gits	2019,1236,804
habe	2019,1235,440
kara	2019,1235,508
dino	2019,1234,467
sorr	2019,1234,197
clin	2019,1232,152
paan	2019,1232,459
circ	2019,1231,235
luma	2019,1231,105
coax	2019,1230,692
dias	2019,1230,754
shes	2019,1229,409
teff	2019,1229,429
nett	2019,1228,181
olam	2019,1228,420
oohs	2019,1227,1144
erga	2019,1223,346
prat	2019,1222,765
faut	2019,1221,757
gege	2019,1219,332
iraq	2019,1218,391
tema	2019,1218,515
nite	2019,1216,504
wend	2019,1215,718
fors	2019,1213,505
maws	2019,1213,961
daye	2019,1210,467
epos	2019,1210,502
mope	2019,1207,1109
july	2019,1205,562
errs	2019,1202,483
thes	2019,1202,579
haut	2019,1198,709
loge	2019,1197,614
ikke	2019,1196,109
scot	2019,1196,990
ayer	2019,1193,502
deus	2019,1193,748
waka	2019,1193,246
crim	2019,1192,348
dama	2019,1189,480
nota	2019,1188,687
abba	2019,1186,415
weds	2019,1186,956
mehr	2019,1185,547
tibi	2019,1185,591
sowl	2019,1182,415
manu	2019,1181,708
pare	2019,1181,714
rata	2019,1181,664
perf	2019,1180,290
moll	2019,1177,631
logp	2019,1176,338
erit	2019,1175,504
hond	2019,1175,492
popu	2019,1174,719
chou	2019,1173,374
giba	2019,1173,19
bimo	2019,1170,13
doun	2019,1169,366
ayes	2019,1168,752
veer	2019,1168,895
phen	2019,1167,354
inte	2019,1166,786
atte	2019,1164,270
adit	2019,1162,287
heid	2019,1161,350
pura	2019,1159,589
zags	2019,1158,920
anta	2019,1154,332
acct	2019,1153,215
glib	2019,1153,1066
herm	2019,1153,181
nobs	2019,1152,714
khan	2019,1151,253
thor	2019,1151,552
kbit	2019,1150,197
haws	2019,1149,888
phys	2019,1149,715
dore	2019,1146,470
mata	2019,1144,499
nauk	2019,1142,427
dcif	2010,1141,2
mura	2019,1140,413
stap	2019,1140,159
aril	2019,1136,185
kong	2019,1136,421
lowe	2019,1136,547
lede	2019,1134,571
ankh	2019,1133,373
bbls	2019,1131,125
tsps	2019,1131,78
dure	2019,1129,694
natu	2019,1129,193
tuks	2019,1128,263
suas	2019,1127,395
paps	2019,1126,704
amos	2019,1125,122
tert	2019,1125,532
sara	2019,1124,488
bois	2019,1123,684
nger	2019,1123,324
bate	2019,1122,520
hoor	2019,1122,207
nian	2019,1122,304
quam	2019,1121,499
tele	2019,1120,505
eare	2019,1119,399
unum	2019,1119,655
yana	2019,1116,129
mara	2019,1115,370
rara	2019,1115,657
tuns	2019,1115,590
arks	2019,1114,704
rity	2019,1114,748
boke	2019,1111,374
isis	2019,1111,421
nine	2019,1111,834
offi	2019,1110,505
ncol	2019,1109,130
toot	2019,1109,926
yale	2019,1109,403
igni	2019,1108,57
wile	2019,1108,845
wild	2019,1107,689
baas	2019,1104,342
cays	2019,1104,324
oman	2019,1104,462
snit	2019,1104,876
frae	2019,1103,377
jags	2019,1103,879
doit	2019,1101,757
dubs	2019,1101,835
leur	2019,1101,547
shiv	2019,1101,587
ides	2019,1099,694
giro	2019,1098,387
kris	2019,1098,289
tidy	2019,1097,1006
wich	2019,1097,554
opto	2019,1095,497
baja	2019,1094,374
dest	2019,1094,276
last	2019,1093,127
moet	2019,1093,132
koto	2019,1091,252
usda	2019,1091,112
wise	2019,1089,842
bord	2019,1088,487
eart	2019,1088,599
anos	2019,1086,431
elds	2019,1086,249
shod	2019,1085,962
caws	2019,1083,770
anny	2019,1082,387
dhal	2019,1082,314
oryx	2019,1079,399
pelf	2019,1078,847
addr	2019,1077,232
hana	2019,1077,339
ston	2019,1076,387
libs	2019,1075,485
sagt	2019,1075,230
beit	2019,1074,259
fest	2019,1074,793
dydx	2019,1073,139
fred	2019,1073,386
capt	2019,1072,232
tuts	2019,1070,705
myne	2019,1067,373
sila	2019,1067,266
quia	2019,1066,429
buss	2019,1065,633
elit	2019,1065,96
sift	2019,1064,850
desu	2019,1061,131
mein	2019,1061,794
fama	2019,1060,456
jeez	2019,1059,862
pees	2019,1058,567
xing	2019,1058,323
aiya	2019,1055,689
trop	2019,1054,637
brio	2019,1053,839
tali	2019,1053,388
axil	2019,1052,271
juaj	2018,1052,104
seng	2019,1052,263
mija	2019,1051,303
sehr	2019,1049,390
tidd	2018,1045,63
druk	2019,1043,189
orse	2019,1041,419
gion	2019,1038,527
tink	2019,1038,600
chun	2019,1037,389
prov	2019,1037,330
toke	2019,1036,669
have	2019,1034,806
chih	2019,1032,228
maca	2019,1032,335
hark	2019,1030,787
pard	2019,1029,591
sems	2019,1029,86
dich	2019,1028,481
ijkl	2019,1028,192
rael	2019,1028,122
arth	2019,1025,346
jima	2019,1025,124
poss	2019,1023,397
chaw	2019,1020,574
spud	2019,1020,610
icty	2019,1019,24
stil	2019,1019,357
skud	2019,1018,82
drie	2019,1017,382
locs	2019,1017,329
ganz	2019,1016,567
cers	2019,1015,300
falx	2019,1015,261
acta	2019,1014,397
infl	2019,1013,126
jane	2019,1013,562
orgs	2019,1011,266
toun	2019,1009,338
kook	2019,1006,751
muni	2019,1006,307
quae	2019,1006,488
sors	2019,1004,639
rica	2019,1002,516
leks	2019,999,166
nard	2019,999,605
ster	2019,999,586
hoon	2019,998,375
ayre	2019,996,430
deth	2019,996,282
beim	2019,995,619
zoot	2019,995,423
tzin	2019,994,26
vpon	2019,994,170
holy	2019,993,671
burh	2019,992,119
kins	2019,992,482
thot	2019,992,362
birr	2019,991,221
dave	2019,991,210
rial	2019,991,596
vant	2019,991,387
medi	2019,990,606
addi	2019,989,801
guan	2019,989,317
excl	2019,988,333
niet	2019,988,202
owen	2019,988,371
mele	2019,986,161
yuzu	2019,982,294
soln	2019,980,73
ates	2019,979,620
mume	2019,979,87
vega	2019,979,231
holm	2019,978,509
mils	2019,978,415
wist	2019,978,477
gane	2019,977,337
bode	2019,975,650
lcsh	2019,975,885
soja	2019,975,165
wold	2019,975,601
ocer	2019,973,120
rebe	2019,973,18
cads	2019,972,654
kudu	2019,971,322
adat	2019,970,223
dago	2019,970,457
nero	2019,970,329
anks	2019,969,293
iors	2019,969,263
lyfe	2019,968,334
lems	2019,967,592
lias	2019,967,245
mang	2019,967,241
melo	2019,967,299
ures	2019,967,651
elks	2019,966,618
orga	2019,966,646
xlvi	2019,966,545
bors	2019,965,283
torc	2019,965,218
doxy	2019,964,564
ject	2019,964,590
deen	2019,963,190
lond	2019,963,249
worl	2019,963,431
amma	2019,961,255
mals	2019,960,469
neue	2019,960,640
jati	2019,958,283
mewl	2019,958,796
nama	2019,958,360
noes	2019,958,607
doen	2019,956,182
luau	2019,956,393
spew	2019,956,764
lain	2019,955,852
cati	2019,954,384
drap	2019,954,484
pero	2019,954,291
nein	2019,953,480
stor	2019,953,517
dees	2019,952,425
deja	2019,952,715
bora	2019,951,270
fata	2019,950,542
shko	2018,947,104
wank	2019,947,599
sint	2019,946,411
brea	2019,945,118
fuer	2019,945,507
pogo	2019,945,617
quos	2019,945,597
kets	2019,944,347
meke	2019,944,102
roes	2019,944,574
tury	2019,944,664
bach	2019,940,418
yers	2019,940,454
alps	2019,938,495
