world	2019,9414240,221244
place	2019,8392188,225574
water	2019,7050501,200097
power	2019,6901333,202768
state	2019,6551261,197247
order	2019,6167591,209680
women	2019,6110473,171726
point	2019,5970606,213834
house	2019,5681646,187184
thing	2019,5675956,198075
night	2019,5624592,183595
heart	2019,5514164,192677
woman	2019,5457367,163993
group	2019,5054551,193810
voice	2019,4647769,170747
study	2019,4617645,161458
value	2019,4589492,172818
level	2019,4517116,191791
model	2019,4513963,145332
sense	2019,4286214,198702
child	2019,4255261,175028
death	2019,4117866,180131
light	2019,3994064,204575
money	2019,3885799,178945
space	2019,3504472,194091
table	2019,3349541,184698
right	2019,3296995,201241
blood	2019,3283786,160018
story	2019,3252742,184157
front	2019,3210915,182512
field	2019,3175704,183165
party	2019,2833863,157908
mouth	2019,2826126,152640
truth	2019,2585526,168442
today	2019,2573842,181146
force	2019,2453771,175205
paper	2019,2430232,186930
smile	2019,2319334,115256
image	2019,2273405,158792
court	2019,2257189,116016
floor	2019,2241287,153651
range	2019,2190236,156878
music	2019,2144330,141193
phone	2019,2137227,106254
media	2019,2052348,112840
stage	2019,2031601,172875
issue	2019,1938716,155805
sound	2019,1930720,156793
earth	2019,1920906,151856
brain	2019,1804690,132067
trade	2019,1774200,125506
price	2019,1732371,142658
faith	2019,1622520,128643
event	2019,1618262,164821
phase	2019,1539729,103521
peace	2019,1538452,143811
cause	2019,1513036,161576
chest	2019,1512936,109768
while	2019,1492799,167395
chair	2019,1477110,130301
piece	2019,1463363,176588
staff	2019,1445983,131826
sight	2019,1417725,159642
scene	2019,1384576,142505
plant	2019,1353468,102307
river	2019,1330315,111521
doubt	2019,1326406,163492
horse	2019,1278900,106830
stone	2019,1261254,133162
being	2019,1257653,159578
speed	2019,1217198,142104
month	2019,1207769,159570
labor	2019,1198507,84803
board	2019,1189015,143401
scale	2019,1177711,130859
trial	2019,1174121,109720
color	2019,1167379,117319
shape	2019,1151563,165619
birth	2019,1102479,140455
enemy	2019,1092722,108017
style	2019,1076450,143564
layer	2019,1051552,88648
trust	2019,1050430,132677
crime	2019,1042537,106741
youth	2019,1019024,114684
metal	2019,1015910,109155
claim	2019,1007423,111945
anger	2019,1002745,122841
agent	2019,997353,110550
teeth	2019,986191,118240
error	2019,975233,106803
sleep	2019,963526,121516
stock	2019,963450,118456
ratio	2019,957681,65457
crowd	2019,957101,121979
noise	2019,953152,128662
share	2019,941404,142829
title	2019,939263,135888
dream	2019,914035,130877
train	2019,897147,117915
input	2019,891081,70128
chain	2019,888572,126745
cycle	2019,883311,100133
whole	2019,864423,145623
store	2019,852328,131677
novel	2019,844634,102819
sword	2019,840980,69034
hotel	2019,835523,84062
plane	2019,818593,92955
frame	2019,807834,136251
shirt	2019,800830,93429
waste	2019,790392,116336
plate	2019,776553,107275
stuff	2019,770488,114357
visit	2019,768187,132394
index	2019,760915,97505
start	2019,759483,155012
shock	2019,759250,121653
owner	2019,756752,122955
fruit	2019,754888,113684
touch	2019,754420,138113
topic	2019,743205,121863
shift	2019,740549,119415
block	2019,732888,117581
sugar	2019,712723,85585
scope	2019,706793,102143
flesh	2019,705376,102888
adult	2019,688464,99734
logic	2019,684542,95911
video	2019,675352,75364
guard	2019,674876,106433
drink	2019,674813,112654
proof	2019,673717,124080
fault	2019,672963,121799
angle	2019,670372,94193
entry	2019,660926,116387
depth	2019,655444,120894
bread	2019,644939,99454
cloud	2019,644608,100475
route	2019,640265,117286
fight	2019,637666,118309
drive	2019,634961,117897
human	2019,631556,115767
laugh	2019,626547,95624
steel	2019,625453,93006
taste	2019,625296,121787
dance	2019,621073,95753
radio	2019,615543,84142
abuse	2019,614479,81538
lunch	2019,613513,96487
grace	2019,612823,89877
curve	2019,608771,80230
cover	2019,608290,130360
skill	2019,602309,117096
score	2019,601641,84480
pride	2019,597314,122769
track	2019,593854,127391
limit	2019,585360,110105
nurse	2019,584903,74281
union	2019,576075,80062
knife	2019,568386,90743
sheet	2019,567662,105269
judge	2019,567653,80446
slave	2019,558169,66859
storm	2019,556496,106887
motor	2019,552258,59951
cheek	2019,550580,81827
offer	2019,549217,122308
smoke	2019,547133,97636
nerve	2019,545722,70660
beach	2019,544868,72893
coast	2019,540835,78584
favor	2019,539955,102551
reply	2019,530741,100200
glory	2019,527579,85431
truck	2019,524996,61537
total	2019,524271,104107
ocean	2019,520925,90472
spite	2019,518449,101719
chief	2019,515675,74859
uncle	2019,515535,70878
dozen	2019,513504,103282
third	2019,506771,133380
magic	2019,506650,77407
movie	2019,499815,76714
break	2019,492859,128236
theme	2019,490804,96658
fluid	2019,487901,62997
cream	2019,487234,77036
brand	2019,480937,81891
guide	2019,479707,112677
habit	2019,470232,111412
north	2019,466173,78754
array	2019,463776,85255
smell	2019,463519,95286
realm	2019,462427,81363
liver	2019,458494,38226
shame	2019,458019,100272
watch	2019,457096,100319
waist	2019,454059,77260
wheel	2019,449877,93352
tumor	2019,448139,14963
print	2019,447942,98243
shore	2019,443455,71387
unity	2019,442429,64570
trail	2019,440434,71454
grief	2019,440212,85891
wound	2019,439546,78403
trend	2019,438896,78121
match	2019,437840,101178
honor	2019,429330,79731
panel	2019,424619,65582
south	2019,423325,76061
queen	2019,422905,60603
photo	2019,421322,73201
guilt	2019,420242,87939
fever	2019,412925,65881
asset	2019,411177,48763
grain	2019,407957,70294
mercy	2019,402566,81351
cloth	2019,402275,87688
sport	2019,401783,67821
clock	2019,395325,93219
devil	2019,392762,72483
lover	2019,388664,75999
graph	2019,386042,28340
blade	2019,385660,57151
guest	2019,381615,90526
delay	2019,381233,82717
essay	2019,381222,52893
crown	2019,380215,72995
pulse	2019,379004,66724
cabin	2019,377783,47937
beast	2019,370430,63978
check	2019,369153,101840
midst	2019,368924,92341
usage	2019,364263,70042
trace	2019,363333,84188
round	2019,363154,98600
couch	2019,362453,60889
sheep	2019,361311,68049
pilot	2019,361187,60976
grade	2019,360416,70117
pause	2019,358973,91538
tower	2019,357423,64514
actor	2019,355584,63219
juice	2019,347276,55248
count	2019,347070,78117
shell	2019,346673,75624
steam	2019,343935,72625
verse	2019,343540,46946
ghost	2019,338183,67243
yield	2019,337843,34632
drama	2019,337706,76323
close	2019,333584,108459
slope	2019,332868,59403
panic	2019,332642,83186
flame	2019,332389,74453
alarm	2019,329584,88252
coach	2019,326937,48026
flash	2019,325473,83293
pussy	2019,324432,13615
organ	2019,323515,57712
angel	2019,318769,62248
laser	2019,317559,26935
bench	2019,313285,73325
belly	2019,311899,66088
label	2019,311302,70026
flour	2019,309566,37089
scent	2019,306882,63993
thumb	2019,305393,78570
stick	2019,300046,83169
grave	2019,299451,73092
fiber	2019,299253,28169
wrist	2019,298966,63199
spine	2019,298922,58553
honey	2019,295129,63592
shade	2019,290654,80945
width	2019,287406,49601
wheat	2019,286102,46783
sweat	2019,285084,72388
draft	2019,282956,64212
bunch	2019,282342,80204
reach	2019,281173,101886
fence	2019,277567,67522
sauce	2019,276873,35866
mouse	2019,275026,51663
flood	2019,273369,70185
tribe	2019,272545,47410
demon	2019,272505,36218
trunk	2019,270599,65717
apple	2019,269353,68578
porch	2019,265329,47501
chart	2019,264571,49678
arrow	2019,263035,52998
stand	2019,262039,91825
spell	2019,261669,60070
oxide	2019,260139,15440
worth	2019,260135,95009
green	2019,260016,81693
tract	2019,259400,33121
pitch	2019,256141,61948
craft	2019,253398,61791
genre	2019,253007,32686
brick	2019,249162,69890
ideal	2019,247561,60612
elbow	2019,246375,61520
trick	2019,243641,83509
altar	2019,243546,44799
charm	2019,243009,70480
fleet	2019,241138,36219
fraud	2019,240528,43806
audit	2019,239740,17589
award	2019,239687,55099
rifle	2019,238690,33876
humor	2019,237189,58831
leave	2019,236874,62224
patch	2019,236515,65671
reign	2019,236088,45498
bride	2019,234670,49828
piano	2019,233689,41963
serum	2019,233553,11882
onset	2019,233091,41789
paint	2019,230761,65088
crack	2019,230440,60257
robot	2019,230286,20360
valve	2019,229543,19732
skull	2019,226779,53334
shelf	2019,225553,67919
grant	2019,224233,50059
cable	2019,223653,40198
purse	2019,223452,56392
beard	2019,220454,59070
shaft	2019,219192,37495
skirt	2019,219181,50753
ruler	2019,218897,46349
elite	2019,217850,41843
stake	2019,217811,76409
quest	2019,216957,71730
snake	2019,216930,53090
clerk	2019,216758,45950
vitro	2019,215820,10302
email	2019,215232,47026
canal	2019,214219,30455
hurry	2019,213955,66633
towel	2019,211943,52752
widow	2019,211325,51490
globe	2019,209896,67067
joint	2019,208909,39192
brush	2019,206044,63723
shear	2019,204182,8461
curse	2019,202617,59367
tooth	2019,200938,43612
prize	2019,199374,71085
thigh	2019,199349,47829
buyer	2019,199080,27385
urine	2019,198616,25578
strip	2019,198369,61356
burst	2019,197500,69436
straw	2019,197488,64215
fairy	2019,196368,50566
ranch	2019,195751,18465
split	2019,193825,70249
exile	2019,193562,40598
wagon	2019,193088,33105
donor	2019,193012,25646
crash	2019,192846,67501
basin	2019,192468,37658
witch	2019,191189,33807
arena	2019,190841,53894
mayor	2019,190291,33300
opera	2019,189611,35000
diary	2019,184418,36705
cargo	2019,184344,38400
grasp	2019,181417,72818
march	2019,180933,48181
worry	2019,180891,62366
merit	2019,179936,59028
cliff	2019,179427,42537
lemon	2019,178967,29676
feast	2019,177863,50842
super	2019,174763,59879
lease	2019,172842,27849
maker	2019,171872,59538
plain	2019,171044,46967
armor	2019,171014,32410
cloak	2019,168889,40355
ridge	2019,168046,33673
onion	2019,166209,21805
stack	2019,166108,48105
decay	2019,165888,46187
wrath	2019,165320,47912
agony	2019,165181,55053
stool	2019,165018,44619
suite	2019,164799,45418
stove	2019,164436,46271
trait	2019,163341,45442
salad	2019,161779,35376
click	2019,161632,42921
lobby	2019,161361,43466
bitch	2019,161186,32944
orbit	2019,159696,27735
spray	2019,159468,46269
batch	2019,159325,36696
dough	2019,158922,22545
pound	2019,158510,44016
blast	2019,158214,51171
ankle	2019,157315,41302
spear	2019,155738,27693
supra	2019,155176,9776
trash	2019,153358,48254
might	2019,153120,53777
idiot	2019,153045,48006
irony	2019,152698,54381
pupil	2019,152127,34548
swing	2019,151728,55824
saint	2019,151598,40002
thief	2019,151287,44548
query	2019,150863,23684
theft	2019,150855,46164
setup	2019,149869,35417
elder	2019,149644,39037
punch	2019,149225,48269
chill	2019,148629,53175
lipid	2019,147880,7527
toast	2019,147812,48297
twist	2019,147246,65908
blame	2019,143683,61628
prose	2019,142494,31575
slice	2019,142162,48494
linen	2019,142136,42636
pizza	2019,141941,31764
album	2019,140488,23213
bosom	2019,140402,36437
caste	2019,140341,19825
bowel	2019,139395,11185
haste	2019,138761,46406
screw	2019,138637,36091
fancy	2019,138459,44753
dairy	2019,137119,25922
spoon	2019,135135,41808
forum	2019,134287,35869
alley	2019,134252,37546
radar	2019,134159,32538
siege	2019,134068,31655
cough	2019,132888,36657
dread	2019,132533,51353
alpha	2019,132096,21961
flock	2019,131717,46741
tiger	2019,130675,32652
glare	2019,129969,47564
slide	2019,129717,44993
surge	2019,129614,51586
fungi	2019,128586,11875
probe	2019,128435,18781
catch	2019,127445,52545
giant	2019,126949,45175
niece	2019,126832,33549
paste	2019,125083,27676
stare	2019,125079,42064
gloom	2019,124430,42302
vapor	2019,124142,17714
small	2019,123831,66283
spark	2019,123687,52581
bacon	2019,123146,33174
gland	2019,122624,11199
frown	2019,122358,38679
drift	2019,121731,40657
yeast	2019,121378,13847
villa	2019,121361,19121
candy	2019,121248,41233
knock	2019,120839,46672
meter	2019,118850,30118
creek	2019,116030,21460
breed	2019,115765,37193
folly	2019,115406,37091
rebel	2019,114502,31860
sperm	2019,113876,13889
deity	2019,113710,24130
assay	2019,112166,7620
aisle	2019,111465,38627
lymph	2019,111304,7216
blend	2019,111287,39458
shout	2019,110937,41456
quote	2019,110410,42611
tense	2019,110280,38643
eagle	2019,110005,35456
drill	2019,109211,30548
squad	2019,108993,27732
black	2019,108716,48577
rider	2019,108045,28724
niche	2019,107216,33670
token	2019,106900,39269
alloy	2019,106683,10938
crest	2019,106537,31618
booth	2019,106039,31409
hedge	2019,105966,27409
verge	2019,105951,52157
crust	2019,105282,28609
venue	2019,105196,34054
rival	2019,104894,42083
della	2019,104882,11392
puppy	2019,102035,24828
brief	2019,102029,48210
edema	2019,102017,5541
stall	2019,101981,32399
graft	2019,101828,10312
chase	2019,101584,43633
colon	2019,101500,11875
mound	2019,101402,29803
stain	2019,100536,36478
fatty	2019,98713,11469
groan	2019,98345,36753
torch	2019,98173,33571
gauge	2019,97041,19379
penny	2019,96596,39825
lodge	2019,96559,19554
ounce	2019,95983,31230
choir	2019,95955,26004
greed	2019,95815,40463
canoe	2019,95592,12920
drain	2019,95065,36133
piety	2019,94864,25685
blind	2019,94757,47591
syrup	2019,94745,20496
heavy	2019,94490,52074
cigar	2019,94358,24515
canon	2019,94312,21921
versa	2019,93342,49081
pearl	2019,93267,32014
grand	2019,91037,43159
resin	2019,90779,12499
treat	2019,90508,41664
shake	2019,90431,39455
pasta	2019,89732,18236
scarf	2019,89222,31361
apron	2019,88827,32147
build	2019,88749,39561
maize	2019,88658,10649
wreck	2019,88459,34454
frost	2019,88136,29452
scalp	2019,87697,28696
blink	2019,86675,26383
torso	2019,86480,29785
ferry	2019,85989,19007
sweep	2019,85957,40484
ditch	2019,85236,33407
broth	2019,85089,16472
troop	2019,84653,25891
buddy	2019,84527,29258
ivory	2019,84471,30685
brake	2019,83711,25976
peril	2019,83386,35929
aroma	2019,83232,30050
brown	2019,83113,31224
gonna	2019,83066,21374
badge	2019,82369,32277
shoot	2019,82115,28358
motif	2019,81499,19647
gleam	2019,80885,31856
gamma	2019,80728,12060
stamp	2019,80566,39271
algae	2019,80469,11000
crude	2019,80462,35684
proxy	2019,80251,24835
hatch	2019,79927,21812
ebook	2019,79566,38255
snack	2019,79018,31553
madam	2019,79010,15668
scrap	2019,78861,35597
glove	2019,78545,32354
pagan	2019,78533,18152
goose	2019,78529,34240
daddy	2019,78092,21997
vault	2019,78067,23990
steak	2019,77228,25179
flush	2019,77210,33262
inlet	2019,77191,11396
bloom	2019,76814,32845
yacht	2019,76685,14939
tutor	2019,76654,23975
queue	2019,76578,19873
ledge	2019,75991,26672
sting	2019,75870,37795
wedge	2019,75749,28378
fibre	2019,75236,16497
clash	2019,74663,35967
shrug	2019,74421,28855
trout	2019,73811,13965
pinch	2019,73798,27622
voter	2019,73603,12411
flank	2019,73445,19295
epoch	2019,73178,21694
drone	2019,72994,17387
ether	2019,72979,16822
manor	2019,72838,15188
chord	2019,72804,21666
ethic	2019,72671,25295
dwarf	2019,72458,14591
vowel	2019,71896,7622
grape	2019,71864,21539
groom	2019,70948,22591
ozone	2019,70813,10358
pouch	2019,70325,20542
growl	2019,70214,27079
abode	2019,69938,26314
lever	2019,69422,24259
audio	2019,69321,18266
cheer	2019,68982,34573
opium	2019,68913,13520
attic	2019,68608,22403
strap	2019,68342,27706
amino	2019,68266,7345
patio	2019,68126,18764
poker	2019,67076,24655
smirk	2019,67069,24714
maple	2019,66809,18671
grove	2019,66630,22284
cocoa	2019,66175,15920
white	2019,65944,35058
motto	2019,65892,35319
mount	2019,65791,18819
salon	2019,65660,19090
roast	2019,64726,24178
whale	2019,64630,16210
creed	2019,64555,24426
cyber	2019,64553,8352
brink	2019,64004,36352
scorn	2019,63946,29086
intra	2019,63373,18331
boost	2019,63197,31678
blush	2019,62981,29915
quota	2019,62579,18703
crush	2019,62527,28522
razor	2019,62489,31023
camel	2019,62350,18351
delta	2019,62297,14256
stern	2019,62195,25306
rotor	2019,62105,4895
flora	2019,61187,18242
rumor	2019,60962,27869
spice	2019,60870,21985
float	2019,60760,22143
shark	2019,60704,17877
reuse	2019,60463,19244
toxin	2019,60426,8491
climb	2019,60113,24626
alien	2019,60009,21063
vigor	2019,59412,28066
blaze	2019,59353,29074
mamma	2019,58787,7364
swell	2019,58495,26435
motel	2019,58471,12729
haven	2019,58314,31784
china	2019,58276,26022
mould	2019,57733,20155
chunk	2019,57572,29787
jewel	2019,57075,25976
guise	2019,56557,33109
alert	2019,56343,32358
bluff	2019,55814,23790
foyer	2019,55776,19066
quilt	2019,55750,16720
satin	2019,55683,20951
shawl	2019,55465,18999
crisp	2019,55456,27876
grill	2019,55176,15523
avail	2019,54989,33892
medal	2019,54892,20878
anode	2019,54871,3591
peach	2019,54697,20721
redox	2019,54530,4268
vodka	2019,54398,15363
flask	2019,54340,17014
rally	2019,54051,19072
swarm	2019,53983,21586
leash	2019,53921,17579
timer	2019,53631,18551
hobby	2019,53562,29483
cider	2019,53050,12008
tenth	2019,52793,28878
diner	2019,52720,14558
debut	2019,52506,18599
chalk	2019,52422,21853
aging	2019,52415,13075
havoc	2019,52240,33858
flute	2019,52157,16509
whore	2019,52084,17404
cache	2019,51871,10880
pixel	2019,51862,5401
notch	2019,51859,22945
write	2019,51438,20779
coral	2019,51437,12954
tenor	2019,51423,22378
drunk	2019,51321,27769
rhyme	2019,51240,19219
swamp	2019,51231,17062
brook	2019,51174,15577
fauna	2019,50869,14300
aorta	2019,50457,4252
brute	2019,50449,21063
marsh	2019,50429,13913
groin	2019,50287,17553
avant	2019,50002,11937
tempo	2019,49856,16928
stump	2019,49744,20650
plank	2019,49734,22440
shale	2019,49121,5989
ulcer	2019,48860,7603
dogma	2019,48821,19295
tunic	2019,48714,13955
relay	2019,48552,12319
plaza	2019,48365,10130
glint	2019,48065,23773
depot	2019,48024,14542
broom	2019,47383,22276
fifth	2019,47369,29432
lapse	2019,47263,26173
scout	2019,47166,14657
quiet	2019,47027,29968
upset	2019,46774,28882
vinyl	2019,46394,14229
annum	2019,46282,13667
truce	2019,46131,19038
maxim	2019,46000,18585
barge	2019,45986,16583
bully	2019,45909,22483
grunt	2019,45884,23271
facet	2019,45643,20973
spill	2019,45614,16924
mixer	2019,45527,8614
elect	2019,45420,15013
blank	2019,45348,24251
slate	2019,45331,24177
loser	2019,45279,24651
sneer	2019,45045,21289
garde	2019,44879,10732
mirth	2019,44568,20316
baron	2019,44391,9543
prick	2019,44373,15796
minor	2019,44140,14541
shack	2019,43999,14176
chick	2019,43930,15675
venom	2019,43759,19247
vicar	2019,43699,9126
freak	2019,43621,24249
spike	2019,43596,20459
scowl	2019,43523,20921
cedar	2019,43502,15507
abbey	2019,43237,6753
trope	2019,43066,12868
geese	2019,43051,15883
stair	2019,42895,17059
prism	2019,42647,15288
valet	2019,42603,12419
bulge	2019,42369,18768
flare	2019,42311,19696
semen	2019,42249,8722
crate	2019,42222,12850
clown	2019,42214,18214
triad	2019,42107,12016
snort	2019,42040,19540
shine	2019,41887,26217
relic	2019,41691,21107
idiom	2019,41583,15038
silly	2019,41427,27276
perch	2019,41361,21307
creep	2019,41349,11487
odour	2019,41262,14605
karma	2019,41200,9911
buggy	2019,40783,8695
prime	2019,40717,22929
rabbi	2019,40501,7188
siren	2019,40478,21201
gorge	2019,40141,11821
baker	2019,40131,17018
chasm	2019,40117,21667
thyme	2019,40116,7152
chant	2019,40083,17869
clone	2019,40066,8034
filth	2019,40042,21252
metre	2019,40014,12145
condo	2019,39971,9038
blond	2019,39931,18931
thump	2019,39913,20398
anion	2019,39896,4524
basil	2019,39855,6798
thorn	2019,39814,20860
hound	2019,39639,14719
stalk	2019,39574,14665
nanny	2019,39287,11230
mania	2019,39248,15334
lumen	2019,39246,4903
alter	2019,39007,20799
tonic	2019,38988,15180
smear	2019,38881,13585
psalm	2019,38511,7408
crook	2019,38387,21725
ester	2019,38341,4584
rigor	2019,38338,18233
think	2019,38232,24128
plume	2019,38097,15070
birch	2019,38032,12937
gauze	2019,37934,15348
lance	2019,37876,11876
diode	2019,37784,4017
carry	2019,37743,17749
pedal	2019,37657,14746
sewer	2019,37621,12956
axiom	2019,37425,12020
shrub	2019,37054,11516
slang	2019,37022,15870
epoxy	2019,36982,3720
sling	2019,36925,14003
stent	2019,36922,2355
tinge	2019,36909,22692
abbot	2019,36652,5598
ethyl	2019,36652,5439
berry	2019,36606,12420
gravy	2019,36580,13440
stead	2019,36441,21107
chili	2019,36383,8733
crawl	2019,36363,23045
curry	2019,36146,9104
palsy	2019,36117,7125
crane	2019,36109,12706
stuck	2019,36058,25734
spasm	2019,36006,15298
guild	2019,35932,8704
booze	2019,35927,15493
flick	2019,35857,20030
raven	2019,35856,12319
harem	2019,35683,8507
flint	2019,35665,13512
sieve	2019,35611,10224
vegan	2019,35508,6999
mango	2019,35363,10236
fossa	2019,35324,2440
berth	2019,35089,15125
macro	2019,35014,12261
mural	2019,34933,11379
dwell	2019,34800,16590
edict	2019,34659,12483
envoy	2019,34608,10353
wharf	2019,34556,9859
sedan	2019,34284,12777
grate	2019,34110,14055
liner	2019,33816,13735
shone	2019,33813,20924
brood	2019,33685,14061
latch	2019,33683,16683
speck	2019,33682,20701
upper	2019,33568,13406
tramp	2019,33497,13606
solid	2019,33466,13267
boxer	2019,33438,14827
spicy	2019,33378,15853
clasp	2019,33032,16955
binge	2019,32930,10870
clump	2019,32702,17807
sheen	2019,32529,19415
swine	2019,32495,12464
fable	2019,32406,14734
shunt	2019,32364,3359
farce	2019,32246,17616
cumin	2019,32165,4390
quart	2019,32073,8898
braid	2019,31908,14078
whiff	2019,31867,21296
comma	2019,31679,7447
major	2019,31642,12004
metro	2019,31582,8516
alibi	2019,31494,10676
steed	2019,31428,10719
raise	2019,31216,17421
booty	2019,31168,13893
brace	2019,31162,12738
frock	2019,31146,11908
taboo	2019,30858,15036
apnea	2019,30842,2958
tread	2019,30792,15096
throb	2019,30740,17143
cease	2019,30578,14586
saith	2019,30515,4423
boron	2019,30296,3788
cadre	2019,30208,11521
brine	2019,30132,8166
slash	2019,30099,14906
axial	2019,30033,5470
infra	2019,30009,5797
bribe	2019,29857,14520
spade	2019,29741,12052
nigga	2019,29729,1281
comet	2019,29712,8688
debit	2019,29491,8016
giver	2019,29486,15749
vomit	2019,29472,17074
salty	2019,29370,16138
snail	2019,29369,14287
dowry	2019,29328,10317
bloke	2019,29294,7555
miner	2019,29089,9598
dryer	2019,29034,11941
stint	2019,28712,18797
hinge	2019,28679,12734
furry	2019,28574,15172
snare	2019,28479,12771
scoop	2019,28392,14695
tibia	2019,28244,3469
vocal	2019,28243,11931
dummy	2019,28158,10138
horde	2019,28157,13678
hydro	2019,28121,7000
helix	2019,27974,6136
proto	2019,27851,10884
lemma	2019,27824,3240
vogue	2019,27790,16777
rogue	2019,27665,12421
alkyl	2019,27539,2795
hunch	2019,27525,16217
icing	2019,27503,10860
xviii	2019,27454,9756
denim	2019,27386,13520
stunt	2019,27355,14317
fiend	2019,27274,11925
femur	2019,27228,4440
weird	2019,27222,17087
libel	2019,27187,9081
slack	2019,27165,16777
scare	2019,27149,18471
tummy	2019,27058,10889
beech	2019,27043,9402
decor	2019,27012,10412
stout	2019,26972,14227
jelly	2019,26969,12308
slime	2019,26894,12475
knack	2019,26882,18951
navel	2019,26772,11557
swirl	2019,26735,15769
ovary	2019,26543,3240
scrub	2019,26318,10417
wafer	2019,26123,5862
cleft	2019,25884,10304
snout	2019,25841,10469
vista	2019,25839,14873
brunt	2019,25659,19559
bison	2019,25629,5224
petty	2019,25519,15622
stink	2019,25404,13420
lyric	2019,25282,7345
clove	2019,25043,5794
whirl	2019,24899,16096
serve	2019,24705,15777
royal	2019,24637,12073
rehab	2019,24462,8722
hyper	2019,24452,12315
vigil	2019,24429,14365
baton	2019,24251,11703
pivot	2019,24190,12070
spurt	2019,24162,13295
leapt	2019,24091,13533
noose	2019,24013,12971
spire	2019,23957,10007
actin	2019,23918,2816
bible	2019,23916,9204
teddy	2019,23766,10976
laity	2019,23712,6233
melon	2019,23662,9920
valor	2019,23340,10323
snuff	2019,23242,8404
nymph	2019,23229,7696
flyer	2019,23191,10125
clamp	2019,23043,6080
hitch	2019,23040,15239
snarl	2019,23039,12625
forge	2019,23013,9949
creak	2019,22966,14535
fella	2019,22939,8194
juror	2019,22863,3180
great	2019,22848,16183
robin	2019,22826,9031
chore	2019,22813,15503
arson	2019,22782,9343
tenet	2019,22777,14817
radii	2019,22745,5677
mafia	2019,22694,6528
thong	2019,22686,7250
islet	2019,22683,4177
nylon	2019,22609,9027
dildo	2019,22601,2358
paler	2019,22538,11806
poise	2019,22515,13609
admin	2019,22514,6315
wager	2019,22485,9893
tally	2019,22446,13433
jihad	2019,22431,3173
swift	2019,22391,14846
taper	2019,22323,8017
heath	2019,22321,8776
flair	2019,22298,15234
rodeo	2019,22288,5420
crypt	2019,22165,6758
waltz	2019,22059,9681
tweet	2019,22031,6388
friar	2019,21814,5387
micro	2019,21813,9820
girth	2019,21713,11060
under	2019,21622,13982
taker	2019,21567,10153
larva	2019,21546,3520
smith	2019,21490,6737
salsa	2019,21478,6296
terra	2019,21427,9614
glaze	2019,21419,6811
carer	2019,21411,4640
diver	2019,21297,7402
fling	2019,21248,12440
thick	2019,21166,14742
pence	2019,21093,9019
clout	2019,21054,12836
inset	2019,21020,6516
slump	2019,20990,11531
adage	2019,20855,15426
whine	2019,20839,12937
gully	2019,20830,6079
inlaw	2019,20633,13297
remit	2019,20556,10185
about	2019,20513,15697
prank	2019,20493,12068
chuck	2019,20442,10124
angst	2019,20245,12784
sushi	2019,20238,6933
magma	2019,20237,3716
mover	2019,20193,9621
ethno	2019,20123,5399
woody	2019,20072,6284
ahead	2019,20005,11084
sheer	2019,19977,13984
wrong	2019,19837,12849
tuple	2019,19821,2435
boast	2019,19796,12944
limbo	2019,19755,13658
wench	2019,19753,6228
amber	2019,19674,11027
mater	2019,19669,8974
stoop	2019,19648,10947
taint	2019,19628,11367
troll	2019,19591,4463
slant	2019,19504,12428
parte	2019,19454,3723
latex	2019,19298,6343
login	2019,19278,4678
polio	2019,19227,5834
nudge	2019,19194,12514
inner	2019,19164,11012
bunny	2019,19162,8944
intel	2019,19116,6748
chaff	2019,19107,10452
ardor	2019,19106,9648
rouge	2019,19002,8051
stash	2019,18987,11453
clang	2019,18963,11596
jetty	2019,18961,5734
poppy	2019,18860,7648
crore	2019,18673,1848
slain	2019,18639,8753
gypsy	2019,18623,6040
rugby	2019,18621,4366
folio	2019,18602,5125
wince	2019,18558,12521
sheaf	2019,18542,9928
shove	2019,18542,12779
toxic	2019,18528,9629
datum	2019,18450,5344
daily	2019,18407,9557
gourd	2019,18374,6515
hazel	2019,18290,10080
cacao	2019,18289,3134
shred	2019,18277,13559
easel	2019,18236,7423
mummy	2019,18233,7324
totem	2019,18232,6388
gamut	2019,18162,12325
sneak	2019,18074,10543
posse	2019,18057,7471
chute	2019,18037,6391
swipe	2019,18030,12061
chemo	2019,18009,4860
grime	2019,17994,12144
spoil	2019,17947,7916
moose	2019,17925,4732
circa	2019,17893,8047
purge	2019,17881,7601
speak	2019,17815,11785
duvet	2019,17666,6755
froth	2019,17581,9767
aught	2019,17530,7615
dimer	2019,17500,3017
spore	2019,17440,2893
loved	2019,17396,12822
mason	2019,17347,8078
eater	2019,17285,10508
tease	2019,17276,10661
prima	2019,17038,6559
faire	2019,17016,7154
liter	2019,16996,6305
quill	2019,16966,7845
grind	2019,16943,11633
disco	2019,16898,7268
saber	2019,16884,5461
spree	2019,16828,11146
molar	2019,16820,3372
lurch	2019,16744,12176
biker	2019,16736,5343
cadet	2019,16717,5620
sigma	2019,16652,3603
glade	2019,16644,6528
modem	2019,16636,4783
swath	2019,16632,10726
owing	2019,16594,10480
bower	2019,16571,7155
brawl	2019,16502,10944
craze	2019,16493,10184
plaid	2019,16470,9070
chile	2019,16399,2571
chime	2019,16344,10267
cking	2019,16341,2563
vulva	2019,16312,3053
lorry	2019,16212,5466
sloop	2019,16160,3398
dodge	2019,16102,9404
quail	2019,16091,6955
quake	2019,16091,8777
dwelt	2019,16081,8938
trove	2019,16041,11427
adobe	2019,15848,4845
foray	2019,15822,11995
payer	2019,15807,4136
utter	2019,15778,11452
labia	2019,15767,3145
kitty	2019,15748,6543
deuce	2019,15713,5710
petal	2019,15653,6996
gusto	2019,15631,11998
facie	2019,15537,5215
cello	2019,15438,4388
drawl	2019,15438,9739
aloof	2019,15359,11265
omega	2019,15250,4591
coven	2019,15225,2092
swoop	2019,15174,11294
glide	2019,15142,7010
combo	2019,15138,7124
comer	2019,15068,8286
manna	2019,14971,6036
skiff	2019,14964,4467
annex	2019,14942,6626
sniff	2019,14901,10256
iliac	2019,14887,1399
crank	2019,14837,6812
codon	2019,14833,1876
hoard	2019,14820,7099
cheat	2019,14769,9282
shard	2019,14726,6479
visor	2019,14711,6979
inbox	2019,14669,7934
kiosk	2019,14651,6306
rinse	2019,14639,6373
basic	2019,14616,11437
whisk	2019,14563,4513
tweed	2019,14465,8198
litre	2019,14459,4701
sauna	2019,14424,5927
melee	2019,14412,7696
gotta	2019,14379,8280
droop	2019,14295,7067
comin	2019,14265,5591
fluke	2019,14193,8456
bingo	2019,14170,4567
azure	2019,14168,7856
divan	2019,14168,4768
kayak	2019,14146,3012
donut	2019,14122,5472
voxel	2019,14109,1447
messy	2019,14098,11421
leper	2019,14002,6002
ultra	2019,13934,7613
momma	2019,13866,4126
skunk	2019,13865,6199
biota	2019,13835,2326
wiser	2019,13823,11056
knoll	2019,13812,6507
copse	2019,13790,7027
usher	2019,13767,7101
thine	2019,13748,5249
churn	2019,13670,7583
manga	2019,13640,2129
clean	2019,13623,10632
haunt	2019,13613,9030
usury	2019,13539,4364
going	2019,13455,10858
delle	2019,13407,3482
calyx	2019,13305,1647
knave	2019,13299,5183
subsp	2019,13177,1458
masse	2019,13167,10336
smack	2019,13093,9294
felon	2019,13082,6580
kinda	2019,13080,7011
viper	2019,13020,7252
rarer	2019,13009,9658
latte	2019,12962,6409
suppl	2019,12946,2970
codex	2019,12827,2596
spoke	2019,12823,8546
payee	2019,12820,1295
needy	2019,12809,8256
junta	2019,12793,3195
mulch	2019,12785,3557
franc	2019,12779,3736
scion	2019,12747,6245
setae	2019,12738,385
zebra	2019,12722,5423
miser	2019,12704,6582
salve	2019,12631,7447
anvil	2019,12623,6992
anime	2019,12573,2798
lapel	2019,12567,8349
pluck	2019,12550,7337
intro	2019,12517,5589
ebony	2019,12515,7855
moron	2019,12511,7466
meaty	2019,12497,7882
sloth	2019,12420,7364
stony	2019,12414,8403
crumb	2019,12382,7712
emoji	2019,12380,4585
phage	2019,12292,970
sprig	2019,12280,6603
elegy	2019,12273,3810
tulip	2019,12226,4976
agape	2019,12217,7350
sabre	2019,12122,3971
strut	2019,12090,4715
tithe	2019,12080,5131
sonar	2019,12073,3402
logit	2019,12050,1924
clade	2019,12046,1189
auxin	2019,12037,723
synod	2019,12021,2589
cobra	2019,12017,5347
puree	2019,12016,2483
banjo	2019,11990,3795
fudge	2019,11985,5458
const	2019,11950,1595
spout	2019,11939,6951
sleet	2019,11896,7115
spool	2019,11892,4176
lunge	2019,11847,6594
ladle	2019,11838,6206
bleak	2019,11824,9714
mower	2019,11781,6039
short	2019,11716,8453
funny	2019,11634,8721
lager	2019,11628,4511
spake	2019,11622,3186
flake	2019,11611,5550
levee	2019,11606,3502
scuba	2019,11576,4393
stile	2019,11555,4175
sally	2019,11476,6669
cilia	2019,11472,1984
ileum	2019,11471,1708
loner	2019,11468,8040
ambit	2019,11438,5346
nigra	2019,11385,2651
qubit	2019,11357,480
xylem	2019,11352,1076
adder	2019,11335,3598
otter	2019,11318,3933
fluff	2019,11303,8220
spate	2019,11289,8353
tango	2019,11285,4000
nadir	2019,11244,5732
amine	2019,11243,2377
swish	2019,11238,8094
ninja	2019,11215,3766
genie	2019,11179,5242
servo	2019,11173,1543
mommy	2019,11155,4752
weave	2019,11136,5487
rover	2019,11134,3004
ionic	2019,11114,3049
whack	2019,11106,8431
potty	2019,11051,3794
smock	2019,11022,5865
queer	2019,10998,5170
kappa	2019,10986,2848
bugle	2019,10981,5391
tiara	2019,10975,5417
riser	2019,10939,5210
swoon	2019,10933,6883
quoth	2019,10927,2055
clink	2019,10918,7916
hijab	2019,10918,2851
saucy	2019,10902,7091
hovel	2019,10886,6102
laird	2019,10884,1314
pesto	2019,10808,2564
reset	2019,10805,4756
shoal	2019,10778,4689
comic	2019,10737,3887
guile	2019,10737,7382
taxon	2019,10732,1930
smash	2019,10683,7463
droll	2019,10675,6184
bagel	2019,10670,4695
manic	2019,10621,4952
skate	2019,10611,4696
atria	2019,10603,1593
ochre	2019,10594,4921
heron	2019,10570,4776
tacit	2019,10569,5889
quack	2019,10553,5979
taunt	2019,10553,7683
heave	2019,10541,6381
whoop	2019,10468,7297
polyp	2019,10466,1744
cramp	2019,10452,7023
slush	2019,10426,6641
shrew	2019,10423,4459
tarot	2019,10417,2078
rhino	2019,10383,3090
decoy	2019,10379,5868
karst	2019,10344,1190
ennui	2019,10319,6236
agile	2019,10276,6171
rupee	2019,10241,2754
tonne	2019,10202,2917
argon	2019,10181,3023
shank	2019,10145,3669
purer	2019,10142,7705
apace	2019,10112,7700
outer	2019,10099,5570
gnome	2019,10080,2888
kiddo	2019,10060,4734
donna	2019,10056,3884
myrrh	2019,10051,4200
hyena	2019,10036,4141
duchy	2019,10026,2545
xxvii	2019,9998,3999
leech	2019,9973,4689
bleed	2019,9925,5364
acorn	2019,9897,5026
fixer	2019,9846,4140
sassy	2019,9736,6699
shiny	2019,9720,7748
villi	2019,9709,1443
beige	2019,9697,6917
bough	2019,9691,5840
rainy	2019,9658,7343
bicep	2019,9595,6064
drool	2019,9584,6704
spiny	2019,9562,3358
arbor	2019,9558,3936
mince	2019,9558,3904
abide	2019,9557,6694
belle	2019,9534,5746
joker	2019,9498,6054
forte	2019,9494,7428
fryer	2019,9470,1594
cairn	2019,9438,2687
chink	2019,9429,6924
utero	2019,9401,3498
nomad	2019,9369,4322
spawn	2019,9357,5018
flirt	2019,9323,6386
panda	2019,9323,3570
quirk	2019,9315,7369
liege	2019,9312,3026
stoma	2019,9296,1102
carte	2019,9291,5961
vitae	2019,9271,3903
xxiii	2019,9269,4720
einer	2019,9249,3621
parka	2019,9222,3610
padre	2019,9213,2255
lingo	2019,9192,6958
bonny	2019,9188,3314
putty	2019,9180,5474
canny	2019,9156,6312
savvy	2019,9141,7059
grout	2019,9129,1476
titer	2019,9116,1770
horny	2019,9102,4460
lilac	2019,9101,5312
amity	2019,9097,5192
medic	2019,9026,3900
conch	2019,9015,3285
fjord	2019,8988,1736
ditto	2019,8978,3746
renin	2019,8975,1127
hoist	2019,8953,3680
gaunt	2019,8931,7026
cameo	2019,8903,5202
winch	2019,8879,3423
greet	2019,8858,6233
revel	2019,8854,6353
dying	2019,8853,6344
debug	2019,8807,1598
stele	2019,8768,1748
racer	2019,8762,3759
first	2019,8718,6462
squaw	2019,8680,2307
dower	2019,8679,3073
fiery	2019,8649,7184
enema	2019,8636,2405
roost	2019,8629,5215
degli	2019,8609,2761
tryst	2019,8606,5833
theta	2019,8597,1862
quark	2019,8594,879
aunty	2019,8565,3061
drape	2019,8558,3997
boson	2019,8553,1065
spunk	2019,8550,4350
trump	2019,8515,4908
rater	2019,8493,1672
credo	2019,8473,5605
stork	2019,8470,3785
shire	2019,8432,3067
gorse	2019,8398,3453
petit	2019,8377,4106
cutie	2019,8302,2933
radon	2019,8281,1463
hiker	2019,8271,3194
graze	2019,8250,6099
detox	2019,8237,2956
april	2019,8234,1062
crock	2019,8217,3699
volar	2019,8166,571
louse	2019,8156,3333
witty	2019,8155,6389
ulama	2019,8142,717
lasso	2019,8137,3170
crone	2019,8107,3997
squid	2019,8091,2861
sahib	2019,8087,958
stank	2019,8030,5875
ingot	2019,8026,1993
fount	2019,8015,5535
indie	2019,7979,3211
septa	2019,7979,1442
salvo	2019,7976,4883
twain	2019,7962,4684
aspen	2019,7942,3236
scrum	2019,7937,3044
mucin	2019,7902,1275
prong	2019,7901,2968
clime	2019,7894,4661
croak	2019,7883,5737
thiol	2019,7879,1768
crepe	2019,7862,4368
gavel	2019,7860,3947
guano	2019,7853,2159
prawn	2019,7847,3059
twang	2019,7829,6021
piper	2019,7810,4176
bairn	2019,7801,1552
excel	2019,7784,6069
plush	2019,7765,5911
matte	2019,7675,3405
anise	2019,7665,2751
ghoul	2019,7663,2353
blitz	2019,7661,3584
anima	2019,7659,2221
cacti	2019,7651,3599
chirp	2019,7633,4760
gamer	2019,7633,2529
india	2019,7607,3392
trill	2019,7597,3792
idyll	2019,7593,4717
gruel	2019,7588,4085
pecan	2019,7550,3497
mankh	2019,7548,12
macho	2019,7544,5234
trier	2019,7540,1089
fetal	2019,7526,1955
lynch	2019,7521,4211
sooth	2019,7515,2660
fugue	2019,7505,3096
finer	2019,7491,5765
tuber	2019,7486,2246
saver	2019,7482,4968
unite	2019,7470,5820
cabal	2019,7465,3863
bursa	2019,7442,938
hover	2019,7420,3918
golem	2019,7413,1036
vixen	2019,7390,3946
viola	2019,7384,2064
furor	2019,7371,4713
whist	2019,7357,3587
carol	2019,7356,3772
jaunt	2019,7320,5612
nonce	2019,7282,2647
david	2019,7244,1377
clank	2019,7225,5176
troth	2019,7216,3312
derby	2019,7196,2944
ramen	2019,7194,2332
rumen	2019,7193,793
biome	2019,7187,1612
feint	2019,7147,4787
suede	2019,7147,4698
gable	2019,7142,3449
woven	2019,7122,4984
steep	2019,7104,5114
slick	2019,7091,4891
bayou	2019,7087,1679
knell	2019,7015,5422
obese	2019,7000,3029
sukuk	2019,6995,134
dicta	2019,6993,3036
lathe	2019,6977,2618
bevel	2019,6943,1425
musty	2019,6930,5874
heist	2019,6845,3132
thrum	2019,6841,4594
manse	2019,6810,1600
coupe	2019,6778,2647
phyla	2019,6776,1559
panty	2019,6771,2916
prion	2019,6750,1033
skein	2019,6716,4139
durch	2019,6686,2917
scone	2019,6678,2973
gruff	2019,6675,5440
mogul	2019,6673,4198
donee	2019,6666,606
morph	2019,6654,2907
surer	2019,6648,5597
tabby	2019,6635,3208
offal	2019,6613,3908
dirge	2019,6602,4610
agora	2019,6595,1747
satyr	2019,6578,2721
hater	2019,6572,4670
ditty	2019,6535,4671
dolly	2019,6528,2644
caper	2019,6509,4124
verso	2019,6482,1655
cubit	2019,6458,1864
haiku	2019,6458,1785
recon	2019,6444,2794
kefir	2019,6440,882
flier	2019,6436,2931
hymen	2019,6433,1946
aphid	2019,6380,889
agate	2019,6366,3238
coder	2019,6352,1891
monad	2019,6336,1483
topaz	2019,6324,3548
snore	2019,6319,4971
smart	2019,6305,5158
beret	2019,6295,3500
ephod	2019,6285,705
flail	2019,6280,2712
champ	2019,6252,3871
sward	2019,6248,3289
scamp	2019,6247,3591
snuck	2019,6238,5230
skier	2019,6220,2651
plait	2019,6203,3426
paddy	2019,6200,2079
banya	2019,6198,152
windy	2019,6194,5072
recur	2019,6185,4771
recap	2019,6180,4382
butyl	2019,6176,1831
guava	2019,6172,2514
polka	2019,6132,3974
billy	2019,6113,3234
atoll	2019,6111,1638
kraal	2019,6104,744
serge	2019,6104,3486
satan	2019,6100,1081
bossy	2019,6095,4552
sigil	2019,6073,1284
fatwa	2019,6064,1461
femme	2019,5994,2930
chard	2019,5975,1740
prana	2019,5972,952
rebar	2019,5969,1527
patty	2019,5966,2913
niger	2019,5961,1562
grail	2019,5957,4175
drown	2019,5955,5155
scree	2019,5950,2221
socio	2019,5944,3936
borer	2019,5917,1343
larch	2019,5910,2305
stray	2019,5901,4494
whorl	2019,5885,1908
spiel	2019,5881,4624
prowl	2019,5857,4900
dence	2019,5843,2423
gipsy	2019,5833,1868
sheik	2019,5833,1071
clack	2019,5816,4245
sutra	2019,5805,1168
glyph	2019,5791,1163
baser	2019,5773,4589
crier	2019,5755,3592
beady	2019,5748,4510
itchy	2019,5742,4475
curia	2019,5741,1195
stomp	2019,5720,4171
plump	2019,5718,4726
humid	2019,5715,4337
pixie	2019,5711,2431
brash	2019,5706,4862
crape	2019,5701,2892
croup	2019,5693,2292
jerky	2019,5687,3206
rivet	2019,5686,1973
bella	2019,5680,1767
carat	2019,5676,3337
scrip	2019,5663,2255
ember	2019,5657,3893
pager	2019,5653,2525
phial	2019,5647,2426
tulle	2019,5642,3240
sedge	2019,5619,2357
lobar	2019,5597,1210
canto	2019,5596,1858
thunk	2019,5585,3993
sower	2019,5578,2662
tance	2019,5575,2365
twine	2019,5571,3588
samba	2019,5554,1124
copra	2019,5514,969
droid	2019,5512,523
monte	2019,5495,1901
verve	2019,5488,4387
exome	2019,5471,866
fovea	2019,5463,987
lence	2019,5435,977
llama	2019,5434,2102
gayly	2019,5427,2588
cecum	2019,5402,936
equiv	2019,5393,453
musky	2019,5391,3615
roach	2019,5391,2765
idler	2019,5387,3001
perse	2019,5366,3107
bathe	2019,5358,4267
sissy	2019,5346,2431
selfe	2019,5343,867
djinn	2019,5328,541
homer	2019,5324,983
clunk	2019,5320,3763
prude	2019,5318,3919
bigot	2019,5280,3704
telly	2019,5279,2471
filly	2019,5271,1922
tiene	2019,5270,883
recto	2019,5246,1190
hippo	2019,5231,1951
amide	2019,5227,1627
daisy	2019,5227,3300
revue	2019,5226,1953
alder	2019,5219,2569
brawn	2019,5208,4042
blanc	2019,5201,2270
xenon	2019,5201,1699
blurb	2019,5195,2964
downe	2019,5190,1113
mance	2019,5179,1278
auger	2019,5175,1833
scram	2019,5172,2696
snipe	2019,5164,2439
laozi	2019,5161,1358
sooty	2019,5154,3750
hydra	2019,5138,2655
dowel	2019,5117,1349
bobby	2019,5115,3141
cinch	2019,5108,3123
cuppa	2019,5106,2581
futon	2019,5101,2064
toull	2018,5101,64
belli	2019,5088,2371
fixed	2019,5080,3399
husky	2019,5059,3683
teeny	2019,5056,3661
ation	2019,5050,3148
nicht	2019,5046,1531
pasty	2019,5040,3404
cette	2019,5021,1557
prune	2019,5014,3167
butch	2019,5012,1513
holly	2019,5007,2848
civil	2019,5001,2823
wight	2019,4999,1996
hilum	2019,4994,815
vajra	2019,4993,325
ruble	2019,4989,1349
pupae	2019,4988,997
spina	2019,4981,1345
sumac	2019,4965,1698
hussy	2019,4952,3094
poore	2019,4944,1060
gulch	2019,4937,1519
droit	2019,4919,1625
odium	2019,4917,3244
peter	2019,4908,2660
gwine	2019,4906,773
large	2019,4882,4393
lidar	2019,4882,647
missy	2019,4877,2666
parse	2019,4846,1118
pater	2019,4827,2268
trawl	2019,4825,1456
payor	2019,4812,476
inlay	2019,4769,2226
mocha	2019,4766,2902
raphe	2019,4766,915
dunce	2019,4749,3122
remix	2019,4749,1703
gecko	2019,4748,1528
firma	2019,4742,3211
goeth	2019,4742,2014
goner	2019,4722,3700
allyl	2019,4719,848
briar	2019,4710,2975
misty	2019,4704,4124
stave	2019,4702,2188
bream	2019,4701,1715
stiff	2019,4698,3937
tekke	2019,4674,97
amour	2019,4663,2855
mufti	2019,4663,1482
trice	2019,4654,3006
paean	2019,4648,3427
udder	2019,4634,1992
imago	2019,4632,1353
betel	2019,4630,1576
kebab	2019,4592,2402
mecca	2019,4592,3289
seine	2019,4584,1738
agave	2019,4579,1343
quick	2019,4564,4004
wiper	2019,4538,2638
yamen	2019,4530,689
blare	2019,4522,3771
jiffy	2019,4520,3438
flume	2019,4488,1095
xxxii	2019,4465,1899
sinew	2019,4464,3422
massa	2019,4449,986
filet	2019,4447,2776
hutch	2019,4437,2225
savor	2019,4423,2898
henna	2019,4413,2065
covet	2019,4410,3379
talon	2019,4406,2279
affix	2019,4401,920
ulnar	2019,4398,691
ulema	2019,4385,512
shalt	2019,4384,1991
nisin	2019,4377,337
scape	2019,4363,2298
purty	2019,4349,1337
hukou	2019,4337,459
twirl	2019,4312,3642
algal	2019,4309,1110
young	2019,4309,3507
ready	2019,4299,3847
pylon	2019,4298,1446
imine	2019,4286,786
titan	2019,4284,2260
sotto	2019,4281,3087
tripe	2019,4281,2336
chert	2019,4277,696
ortho	2019,4275,1011
baize	2019,4273,2635
sulci	2019,4252,991
entre	2019,4251,2097
diene	2019,4249,749
boner	2019,4231,2135
beaux	2019,4226,2504
gumbo	2019,4224,1492
cruzi	2019,4218,690
terry	2019,4217,2585
dente	2019,4211,1358
rayon	2019,4208,1771
scaly	2019,4208,2355
tinea	2019,4197,608
frill	2019,4194,2708
sonny	2019,4192,2099
erase	2019,4181,2673
promo	2019,4170,2099
topoi	2019,4169,1562
posit	2019,4159,3176
swain	2019,4147,2462
whirr	2019,4141,3153
henry	2019,4138,878
toner	2019,4131,1052
octet	2019,4112,812
lyase	2019,4097,1020
tarry	2019,4095,2805
ovule	2019,4092,682
mundi	2019,4086,1912
khaki	2019,4060,2431
mitre	2019,4057,2147
ching	2019,4052,1414
jedli	2018,4047,444
spoof	2019,4046,2145
torah	2019,4040,505
durum	2019,4039,894
ilium	2019,4036,708
pinna	2019,4035,984
rowdy	2019,4026,3562
genii	2019,4014,2075
avium	2019,4011,1058
allen	2019,4010,1445
async	2019,4005,331
booby	2019,4001,2637
toddy	2019,3999,1948
pasha	2019,3996,1071
omnia	2019,3989,1420
whelp	2019,3988,2432
drake	2019,3981,1207
igloo	2019,3978,1454
bogie	2019,3975,683
makin	2019,3973,2260
druid	2019,3944,757
caddy	2019,3932,1615
maner	2019,3917,799
whoso	2019,3916,1688
grimy	2019,3912,3431
gegen	2019,3911,1560
sella	2019,3904,654
qualm	2019,3902,3072
parol	2019,3896,384
ville	2019,3887,1579
furze	2019,3880,1776
bushy	2019,3879,2629
mundo	2019,3875,1446
nappy	2019,3865,1537
causa	2019,3857,1687
rawle	2018,3852,68
bilge	2019,3847,1829
jumbo	2019,3840,3074
deism	2019,3838,1408
benzo	2019,3830,842
pince	2019,3830,1886
tepee	2019,3828,1143
gonad	2019,3825,709
azide	2019,3817,1102
plasm	2019,3812,794
shite	2019,3803,1425
arter	2019,3800,1140
nella	2019,3799,1476
squat	2019,3784,1731
ovale	2019,3780,1088
bello	2019,3772,831
bland	2019,3772,3187
rosea	2019,3767,1044
regia	2019,3765,1413
diced	2019,3762,1545
eosin	2019,3758,1168
vagal	2019,3751,1004
stoic	2019,3743,3226
mimeo	2019,3742,1260
hulle	2019,3735,111
comte	2019,3718,372
cynic	2019,3717,3162
sepia	2019,3702,2880
soule	2019,3697,859
pooch	2019,3692,1847
bogey	2019,3664,1823
sonne	2019,3662,886
koala	2019,3651,1284
chimp	2019,3650,1366
yearn	2019,3648,3248
cocci	2019,3636,1112
crony	2019,3634,2398
dacha	2019,3631,888
drier	2019,3627,2418
terse	2019,3623,3272
chien	2019,3619,1243
chump	2019,3601,2569
peony	2019,3596,1735
burro	2019,3594,1110
ephah	2019,3586,374
ceria	2019,3577,325
porno	2019,3570,1920
optic	2019,3568,1933
kraft	2019,3558,883
forme	2019,3553,1371
stupa	2019,3538,743
bailm	2018,3534,62
mange	2019,3528,1352
leach	2019,3527,1037
curio	2019,3526,2117
sence	2019,3522,1505
krill	2019,3518,870
frond	2019,3512,1649
mezzo	2019,3511,1354
urate	2019,3508,772
finch	2019,3506,1453
amaze	2019,3504,2126
yucca	2019,3503,1532
cluck	2019,3490,2076
rajah	2019,3486,696
pinot	2019,3477,1391
poesy	2019,3475,1910
booke	2019,3464,817
homey	2019,3456,2796
stria	2019,3456,518
harpy	2019,3455,1671
astir	2019,3454,2634
gripe	2019,3451,2637
broil	2019,3439,1718
stela	2019,3432,542
dizzy	2019,3425,2773
colic	2019,3423,1212
batik	2019,3415,949
joist	2019,3408,896
ruder	2019,3407,2642
atman	2019,3401,523
param	2019,3395,890
avery	2019,3393,2121
rerun	2019,3393,2703
afore	2019,3384,1977
chewy	2019,3381,2094
segue	2019,3377,2391
scala	2019,3371,619
fader	2019,3361,631
mutex	2019,3354,189
livre	2019,3345,1472
rouse	2019,3344,2753
quire	2019,3340,1295
borax	2019,3339,1209
panko	2019,3334,658
pinky	2019,3331,2438
pansy	2019,3322,2186
uvula	2019,3322,1138
sprue	2019,3318,570
radix	2019,3315,737
ergot	2019,3314,948
sherd	2019,3300,398
asana	2019,3296,547
kinde	2019,3293,725
truer	2019,3289,2953
sarin	2019,3283,858
babel	2019,3280,2358
nodal	2019,3273,1268
taiga	2019,3273,874
tipsy	2019,3273,2837
belch	2019,3270,2627
spook	2019,3259,1674
umber	2019,3258,1843
sebum	2019,3257,779
crick	2019,3240,2196
bromo	2019,3238,922
parti	2019,3235,2143
hanky	2019,3228,1771
gouge	2019,3225,1744
doula	2019,3209,641
retro	2019,3202,2296
jerry	2019,3195,2165
rubra	2019,3184,981
synth	2019,3182,776
align	2019,3178,2650
sacra	2019,3178,1158
emcee	2019,3175,1439
casei	2019,3167,565
typhi	2019,3165,1041
decaf	2019,3164,1997
poset	2019,3164,202
modal	2019,3159,1128
verde	2019,3159,1375
juicy	2019,3157,2170
rosin	2019,3157,1157
gunny	2019,3145,1595
randy	2019,3144,2269
homme	2019,3138,1746
haben	2019,3133,844
tuner	2019,3129,1452
fleta	2018,3123,63
psych	2019,3108,1695
biped	2019,3107,1552
igure	2019,3106,123
bulla	2019,3101,808
gator	2019,3095,1075
aldol	2019,3091,364
veldt	2019,3090,767
terug	2019,3085,127
slurp	2019,3081,2404
qilin	2019,3071,365
meson	2019,3065,375
noire	2019,3051,2008
