years	2019,10961461,224309
world	2019,9414240,221244
place	2019,8392188,225574
water	2019,7050501,200097
power	2019,6901333,202768
state	2019,6551261,197247
order	2019,6167591,209680
words	2019,6154644,209701
women	2019,6110473,171726
point	2019,5970606,213834
house	2019,5681646,187184
thing	2019,5675956,198075
night	2019,5624592,183595
heart	2019,5514164,192677
woman	2019,5457367,163993
hands	2019,5246801,192231
group	2019,5054551,193810
times	2019,4675372,219712
voice	2019,4647769,170747
study	2019,4617645,161458
value	2019,4589492,172818
level	2019,4517116,191791
model	2019,4513963,145332
sense	2019,4286214,198702
child	2019,4255261,175028
death	2019,4117866,180131
light	2019,3994064,204575
money	2019,3885799,178945
terms	2019,3566945,179241
space	2019,3504472,194091
table	2019,3349541,184698
cases	2019,3343634,162799
right	2019,3296995,201241
blood	2019,3283786,160018
story	2019,3252742,184157
front	2019,3210915,182512
field	2019,3175704,183165
party	2019,2833863,157908
mouth	2019,2826126,152640
hours	2019,2764839,189263
class	2019,2746082,168632
truth	2019,2585526,168442
today	2019,2573842,181146
means	2019,2482636,204702
areas	2019,2480665,142626
force	2019,2453771,175205
paper	2019,2430232,186930
cells	2019,2359459,70095
smile	2019,2319334,115256
image	2019,2273405,158792
court	2019,2257189,116016
floor	2019,2241287,153651
range	2019,2190236,156878
music	2019,2144330,141193
phone	2019,2137227,106254
forms	2019,2113768,154985
media	2019,2052348,112840
types	2019,2045616,143486
stage	2019,2031601,172875
basis	2019,1972669,148407
parts	2019,1942621,188798
issue	2019,1938716,155805
sound	2019,1930720,156793
earth	2019,1920906,151856
ideas	2019,1909590,163591
lives	2019,1905029,178845
lines	2019,1821290,180142
rules	2019,1816626,157550
books	2019,1813530,188622
brain	2019,1804690,132067
trade	2019,1774200,125506
price	2019,1732371,142658
steps	2019,1698621,183138
weeks	2019,1679745,161200
faith	2019,1622520,128643
event	2019,1618262,164821
glass	2019,1615114,141406
costs	2019,1555760,99771
phase	2019,1539729,103521
peace	2019,1538452,143811
girls	2019,1519843,119732
cause	2019,1513036,161576
chest	2019,1512936,109768
while	2019,1492799,167395
needs	2019,1490430,149037
chair	2019,1477110,130301
trees	2019,1473848,137397
piece	2019,1463363,176588
staff	2019,1445983,131826
sight	2019,1417725,159642
focus	2019,1414726,140957
scene	2019,1384576,142505
works	2019,1378998,149585
plant	2019,1353468,102307
river	2019,1330315,111521
doubt	2019,1326406,163492
miles	2019,1310477,122632
rates	2019,1300857,85263
horse	2019,1278900,106830
stone	2019,1261254,133162
being	2019,1257653,159578
tears	2019,1220562,121138
speed	2019,1217198,142104
names	2019,1211338,179093
month	2019,1207769,159570
labor	2019,1198507,84803
board	2019,1189015,143401
walls	2019,1187807,144218
scale	2019,1177711,130859
trial	2019,1174121,109720
color	2019,1167379,117319
shape	2019,1151563,165619
tools	2019,1140041,130914
goods	2019,1134192,107180
birth	2019,1102479,140455
enemy	2019,1092722,108017
plans	2019,1079726,150138
style	2019,1076450,143564
goals	2019,1069854,99177
layer	2019,1051552,88648
trust	2019,1050430,132677
sides	2019,1043219,163857
crime	2019,1042537,106741
views	2019,1031222,130533
youth	2019,1019024,114684
metal	2019,1015910,109155
claim	2019,1007423,111945
anger	2019,1002745,122841
agent	2019,997353,110550
teeth	2019,986191,118240
error	2019,975233,106803
items	2019,973362,119724
sleep	2019,963526,121516
stock	2019,963450,118456
units	2019,960105,87444
ratio	2019,957681,65457
crowd	2019,957101,121979
noise	2019,953152,128662
signs	2019,945071,150487
share	2019,941404,142829
title	2019,939263,135888
facts	2019,916192,129655
kinds	2019,915332,146897
dream	2019,914035,130877
dress	2019,901331,110171
users	2019,898318,57354
train	2019,897147,117915
input	2019,891081,70128
chain	2019,888572,126745
sites	2019,886875,89835
cycle	2019,883311,100133
notes	2019,877610,139147
whole	2019,864423,145623
store	2019,852328,131677
tests	2019,846331,87244
novel	2019,844634,102819
sword	2019,840980,69034
hotel	2019,835523,84062
plane	2019,818593,92955
heads	2019,815723,145928
drugs	2019,813634,75672
tasks	2019,811009,99868
frame	2019,807834,136251
shirt	2019,800830,93429
texts	2019,797870,74903
doors	2019,794165,130886
waste	2019,790392,116336
plate	2019,776553,107275
stuff	2019,770488,114357
visit	2019,768187,132394
index	2019,760915,97505
start	2019,759483,155012
shock	2019,759250,121653
rooms	2019,757170,115233
owner	2019,756752,122955
fruit	2019,754888,113684
touch	2019,754420,138113
games	2019,746378,104425
sales	2019,745859,77066
waves	2019,744185,116585
press	2019,743405,109468
topic	2019,743205,121863
shift	2019,740549,119415
block	2019,732888,117581
risks	2019,731855,90921
sugar	2019,712723,85585
roles	2019,707076,92463
pages	2019,706839,133111
scope	2019,706793,102143
flesh	2019,705376,102888
knees	2019,702343,101906
faces	2019,696434,128320
adult	2019,688464,99734
cross	2019,685941,121739
logic	2019,684542,95911
funds	2019,684381,81670
birds	2019,681561,100622
banks	2019,676628,82103
video	2019,675352,75364
guard	2019,674876,106433
drink	2019,674813,112654
proof	2019,673717,124080
fault	2019,672963,121799
firms	2019,672172,38298
angle	2019,670372,94193
entry	2019,660926,116387
depth	2019,655444,120894
stars	2019,650651,110459
bread	2019,644939,99454
cloud	2019,644608,100475
route	2019,640265,117286
fight	2019,637666,118309
drive	2019,634961,117897
human	2019,631556,115767
laugh	2019,626547,95624
steel	2019,625453,93006
taste	2019,625296,121787
dance	2019,621073,95753
grass	2019,618976,103466
radio	2019,615543,84142
abuse	2019,614479,81538
lunch	2019,613513,96487
grace	2019,612823,89877
curve	2019,608771,80230
cover	2019,608290,130360
minds	2019,603666,128345
skill	2019,602309,117096
score	2019,601641,84480
pride	2019,597314,122769
track	2019,593854,127391
ships	2019,588216,64584
limit	2019,585360,110105
nurse	2019,584903,74281
union	2019,576075,80062
shoes	2019,573678,110794
knife	2019,568386,90743
sheet	2019,567662,105269
judge	2019,567653,80446
films	2019,562902,47063
slave	2019,558169,66859
storm	2019,556496,106887
motor	2019,552258,59951
cheek	2019,550580,81827
offer	2019,549217,122308
smoke	2019,547133,97636
nerve	2019,545722,70660
beach	2019,544868,72893
roots	2019,541629,112402
coast	2019,540835,78584
favor	2019,539955,102551
reply	2019,530741,100200
glory	2019,527579,85431
truck	2019,524996,61537
total	2019,524271,104107
homes	2019,522052,110990
ocean	2019,520925,90472
bones	2019,519444,99541
spite	2019,518449,101719
chief	2019,515675,74859
uncle	2019,515535,70878
dozen	2019,513504,103282
teams	2019,508920,68598
genes	2019,507797,27951
third	2019,506771,133380
magic	2019,506650,77407
rocks	2019,502130,84861
movie	2019,499815,76714
norms	2019,493739,53233
lands	2019,493334,80921
break	2019,492859,128236
theme	2019,490804,96658
fluid	2019,487901,62997
cream	2019,487234,77036
cards	2019,483219,95836
brand	2019,480937,81891
guide	2019,479707,112677
habit	2019,470232,111412
north	2019,466173,78754
array	2019,463776,85255
smell	2019,463519,95286
realm	2019,462427,81363
liver	2019,458494,38226
shame	2019,458019,100272
watch	2019,457096,100319
woods	2019,455863,71634
waist	2019,454059,77260
wheel	2019,449877,93352
wings	2019,448792,90324
songs	2019,448423,77001
tumor	2019,448139,14963
print	2019,447942,98243
shore	2019,443455,71387
unity	2019,442429,64570
trail	2019,440434,71454
grief	2019,440212,85891
wound	2019,439546,78403
bonds	2019,439284,69473
trend	2019,438896,78121
taxes	2019,437851,56310
match	2019,437840,101178
shows	2019,434581,101009
honor	2019,429330,79731
panel	2019,424619,65582
south	2019,423325,76061
modes	2019,423080,60769
queen	2019,422905,60603
photo	2019,421322,73201
guilt	2019,420242,87939
nodes	2019,418996,23652
towns	2019,416153,76782
virus	2019,415346,29791
seeds	2019,415190,70558
foods	2019,414458,49119
marks	2019,413151,105632
fever	2019,412925,65881
asset	2019,411177,48763
grain	2019,407957,70294
files	2019,406293,59020
gifts	2019,402961,89722
mercy	2019,402566,81351
cloth	2019,402275,87688
sport	2019,401783,67821
edges	2019,399362,85097
roads	2019,399123,91398
links	2019,398886,89918
clock	2019,395325,93219
devil	2019,392762,72483
hills	2019,390399,72441
lover	2019,388664,75999
sorts	2019,387320,108528
graph	2019,386042,28340
blade	2019,385660,57151
seats	2019,381786,87154
guest	2019,381615,90526
delay	2019,381233,82717
essay	2019,381222,52893
crown	2019,380215,72995
pulse	2019,379004,66724
souls	2019,378967,76180
cabin	2019,377783,47937
boots	2019,374803,73823
beast	2019,370430,63978
check	2019,369153,101840
midst	2019,368924,92341
usage	2019,364263,70042
trace	2019,363333,84188
round	2019,363154,98600
couch	2019,362453,60889
sheep	2019,361311,68049
pilot	2019,361187,60976
grade	2019,360416,70117
pause	2019,358973,91538
calls	2019,358115,100120
yards	2019,357972,63046
tower	2019,357423,64514
hopes	2019,356869,106375
wages	2019,355594,56544
actor	2019,355584,63219
boxes	2019,355549,93451
paths	2019,350429,101380
juice	2019,347276,55248
count	2019,347070,78117
crops	2019,347024,50364
shell	2019,346673,75624
steam	2019,343935,72625
fears	2019,343705,97065
verse	2019,343540,46946
acids	2019,340792,17822
pants	2019,339429,62252
ghost	2019,338183,67243
holes	2019,338127,87825
pairs	2019,337860,75186
yield	2019,337843,34632
drama	2019,337706,76323
males	2019,337693,50168
close	2019,333584,108459
slope	2019,332868,59403
panic	2019,332642,83186
flame	2019,332389,74453
alarm	2019,329584,88252
coach	2019,326937,48026
flash	2019,325473,83293
pussy	2019,324432,13615
organ	2019,323515,57712
angel	2019,318769,62248
balls	2019,318511,72668
laser	2019,317559,26935
bench	2019,313285,73325
belly	2019,311899,66088
label	2019,311302,70026
flour	2019,309566,37089
gates	2019,308846,72806
scent	2019,306882,63993
boats	2019,306178,53931
thumb	2019,305393,78570
stick	2019,300046,83169
grave	2019,299451,73092
fiber	2019,299253,28169
wrist	2019,298966,63199
spine	2019,298922,58553
kings	2019,297452,48483
codes	2019,295923,56663
loans	2019,295236,35743
honey	2019,295129,63592
wives	2019,294831,68589
poems	2019,292725,40849
shade	2019,290654,80945
sizes	2019,289053,74291
lungs	2019,288713,68845
width	2019,287406,49601
wheat	2019,286102,46783
sweat	2019,285084,72388
heels	2019,284905,76506
rings	2019,283659,79531
draft	2019,282956,64212
bunch	2019,282342,80204
meals	2019,281332,77990
reach	2019,281173,101886
chaos	2019,280995,83821
jeans	2019,279943,44840
shops	2019,279128,73649
gains	2019,278323,63289
fence	2019,277567,67522
sauce	2019,276873,35866
mouse	2019,275026,51663
bands	2019,274718,60871
atoms	2019,273490,24963
flood	2019,273369,70185
folks	2019,272604,56912
tribe	2019,272545,47410
demon	2019,272505,36218
trunk	2019,270599,65717
apple	2019,269353,68578
dates	2019,268934,83022
porch	2019,265329,47501
chart	2019,264571,49678
peers	2019,264078,58440
arrow	2019,263035,52998
stand	2019,262039,91825
spell	2019,261669,60070
spots	2019,261156,86317
oxide	2019,260139,15440
worth	2019,260135,95009
green	2019,260016,81693
tract	2019,259400,33121
bills	2019,258402,69802
lists	2019,256997,74273
pitch	2019,256141,61948
limbs	2019,254655,69818
zones	2019,253679,50390
craft	2019,253398,61791
genre	2019,253007,32686
brick	2019,249162,69890
ideal	2019,247561,60612
veins	2019,246580,62308
elbow	2019,246375,61520
trick	2019,243641,83509
altar	2019,243546,44799
charm	2019,243009,70480
trans	2019,242763,21357
fleet	2019,241138,36219
fraud	2019,240528,43806
audit	2019,239740,17589
award	2019,239687,55099
moves	2019,239347,81373
rifle	2019,238690,33876
humor	2019,237189,58831
leave	2019,236874,62224
patch	2019,236515,65671
reign	2019,236088,45498
flows	2019,235425,37313
ranks	2019,235045,68845
bride	2019,234670,49828
races	2019,234364,57457
bases	2019,234279,57914
winds	2019,234069,64461
piano	2019,233689,41963
serum	2019,233553,11882
posts	2019,233386,65787
shots	2019,233108,60090
onset	2019,233091,41789
tales	2019,232028,66400
paint	2019,230761,65088
crack	2019,230440,60257
robot	2019,230286,20360
valve	2019,229543,19732
skull	2019,226779,53334
shelf	2019,225553,67919
beans	2019,224342,45620
grant	2019,224233,50059
cable	2019,223653,40198
purse	2019,223452,56392
deeds	2019,223007,59060
farms	2019,221049,44909
camps	2019,220794,48137
beard	2019,220454,59070
shaft	2019,219192,37495
skirt	2019,219181,50753
ruler	2019,218897,46349
elite	2019,217850,41843
stake	2019,217811,76409
fires	2019,217596,63014
quest	2019,216957,71730
snake	2019,216930,53090
clerk	2019,216758,45950
vitro	2019,215820,10302
email	2019,215232,47026
looks	2019,215160,69768
canal	2019,214219,30455
hurry	2019,213955,66633
towel	2019,211943,52752
widow	2019,211325,51490
globe	2019,209896,67067
palms	2019,209774,57544
joint	2019,208909,39192
soils	2019,207827,13421
trips	2019,207093,67913
brush	2019,206044,63723
clubs	2019,205847,54054
fists	2019,205075,51724
shear	2019,204182,8461
curse	2019,202617,59367
tooth	2019,200938,43612
votes	2019,199685,31977
prize	2019,199374,71085
thigh	2019,199349,47829
buyer	2019,199080,27385
urine	2019,198616,25578
strip	2019,198369,61356
plays	2019,197641,42600
burst	2019,197500,69436
straw	2019,197488,64215
poets	2019,196826,35397
fairy	2019,196368,50566
ranch	2019,195751,18465
talks	2019,195136,68526
split	2019,193825,70249
exile	2019,193562,40598
wagon	2019,193088,33105
donor	2019,193012,25646
crash	2019,192846,67501
basin	2019,192468,37658
tones	2019,191600,56335
witch	2019,191189,33807
deals	2019,191049,67241
arena	2019,190841,53894
mayor	2019,190291,33300
acres	2019,189790,41238
opera	2019,189611,35000
nails	2019,188858,62804
loads	2019,186579,44874
ruins	2019,185394,46524
diary	2019,184418,36705
doses	2019,184412,23562
cargo	2019,184344,38400
tanks	2019,182392,35222
cries	2019,181650,62272
grasp	2019,181417,72818
march	2019,180933,48181
worry	2019,180891,62366
peaks	2019,180746,45107
merit	2019,179936,59028
cliff	2019,179427,42537
coins	2019,179047,43396
lemon	2019,178967,29676
feast	2019,177863,50842
plots	2019,177574,44748
twins	2019,177080,35730
super	2019,174763,59879
gases	2019,173066,24045
lease	2019,172842,27849
backs	2019,172472,73306
maker	2019,171872,59538
plain	2019,171044,46967
armor	2019,171014,32410
pains	2019,169200,65105
brows	2019,169173,37558
cloak	2019,168889,40355
ridge	2019,168046,33673
onion	2019,166209,21805
stack	2019,166108,48105
decay	2019,165888,46187
wrath	2019,165320,47912
ports	2019,165268,32858
agony	2019,165181,55053
stool	2019,165018,44619
suite	2019,164799,45418
turns	2019,164769,74434
herbs	2019,164550,33946
stove	2019,164436,46271
mines	2019,164223,37993
trait	2019,163341,45442
debts	2019,163005,44142
salad	2019,161779,35376
click	2019,161632,42921
lobby	2019,161361,43466
bitch	2019,161186,32944
roses	2019,161080,47002
tubes	2019,160950,36899
chips	2019,160746,47950
orbit	2019,159696,27735
spray	2019,159468,46269
batch	2019,159325,36696
dough	2019,158922,22545
pound	2019,158510,44016
blast	2019,158214,51171
brass	2019,157324,49608
ankle	2019,157315,41302
spear	2019,155738,27693
verbs	2019,155424,14734
supra	2019,155176,9776
hosts	2019,154462,39918
trash	2019,153358,48254
might	2019,153120,53777
idiot	2019,153045,48006
irony	2019,152698,54381
ashes	2019,152310,53895
pupil	2019,152127,34548
suits	2019,151829,58077
swing	2019,151728,55824
saint	2019,151598,40002
thief	2019,151287,44548
drops	2019,151196,55069
parks	2019,151181,39495
query	2019,150863,23684
theft	2019,150855,46164
setup	2019,149869,35417
elder	2019,149644,39037
punch	2019,149225,48269
chill	2019,148629,53175
beams	2019,147994,41529
lipid	2019,147880,7527
toast	2019,147812,48297
twist	2019,147246,65908
monks	2019,144022,22884
blame	2019,143683,61628
prose	2019,142494,31575
slice	2019,142162,48494
linen	2019,142136,42636
pizza	2019,141941,31764
lakes	2019,141318,33824
bells	2019,140688,50791
album	2019,140488,23213
bosom	2019,140402,36437
caste	2019,140341,19825
poles	2019,139548,47115
bowel	2019,139395,11185
fuels	2019,138926,24990
haste	2019,138761,46406
screw	2019,138637,36091
fancy	2019,138459,44753
pills	2019,137367,34092
pipes	2019,137161,43805
dairy	2019,137119,25922
flies	2019,135825,47770
guess	2019,135591,58334
spoon	2019,135135,41808
forum	2019,134287,35869
alley	2019,134252,37546
radar	2019,134159,32538
siege	2019,134068,31655
clues	2019,133018,52379
cough	2019,132888,36657
dread	2019,132533,51353
alpha	2019,132096,21961
flock	2019,131717,46741
tiger	2019,130675,32652
glare	2019,129969,47564
lamps	2019,129805,44171
slide	2019,129717,44993
surge	2019,129614,51586
fungi	2019,128586,11875
beads	2019,128521,38598
probe	2019,128435,18781
wires	2019,127642,38529
catch	2019,127445,52545
giant	2019,126949,45175
niece	2019,126832,33549
pools	2019,126504,44308
myths	2019,126167,36895
folds	2019,125563,41319
paste	2019,125083,27676
stare	2019,125079,42064
gloom	2019,124430,42302
vapor	2019,124142,17714
small	2019,123831,66283
spark	2019,123687,52581
bacon	2019,123146,33174
cents	2019,122628,30672
gland	2019,122624,11199
frown	2019,122358,38679
horns	2019,121738,42425
drift	2019,121731,40657
yeast	2019,121378,13847
villa	2019,121361,19121
candy	2019,121248,41233
knock	2019,120839,46672
jokes	2019,120495,50760
claws	2019,119895,35779
meter	2019,118850,30118
bombs	2019,118711,29943
halls	2019,118378,47462
skies	2019,118132,46348
creek	2019,116030,21460
breed	2019,115765,37193
rolls	2019,115460,45610
wells	2019,115431,27736
folly	2019,115406,37091
scars	2019,115147,42520
tents	2019,114946,30747
rebel	2019,114502,31860
piles	2019,114040,45508
sperm	2019,113876,13889
deity	2019,113710,24130
blows	2019,112892,47916
assay	2019,112166,7620
curls	2019,111955,36041
tours	2019,111750,25803
ropes	2019,111556,42256
aisle	2019,111465,38627
walks	2019,111329,50592
lymph	2019,111304,7216
blend	2019,111287,39458
shout	2019,110937,41456
genus	2019,110518,12987
quote	2019,110410,42611
tense	2019,110280,38643
eagle	2019,110005,35456
drill	2019,109211,30548
squad	2019,108993,27732
black	2019,108716,48577
hairs	2019,108270,39250
rider	2019,108045,28724
penis	2019,107846,16880
socks	2019,107491,42393
niche	2019,107216,33670
cakes	2019,107083,35265
token	2019,106900,39269
alloy	2019,106683,10938
crest	2019,106537,31618
rites	2019,106511,27860
locks	2019,106062,43106
booth	2019,106039,31409
hedge	2019,105966,27409
verge	2019,105951,52157
crust	2019,105282,28609
venue	2019,105196,34054
rival	2019,104894,42083
della	2019,104882,11392
weeds	2019,104836,37592
coats	2019,104561,45952
buses	2019,104518,27359
flags	2019,104390,41826
pumps	2019,104076,28966
robes	2019,104058,34424
goats	2019,103385,26929
puppy	2019,102035,24828
brief	2019,102029,48210
edema	2019,102017,5541
stall	2019,101981,32399
corps	2019,101877,21579
graft	2019,101828,10312
teens	2019,101625,35950
chase	2019,101584,43633
colon	2019,101500,11875
mound	2019,101402,29803
bonus	2019,100790,39792
stain	2019,100536,36478
reins	2019,99076,33074
lords	2019,99025,25152
fatty	2019,98713,11469
caves	2019,98645,26477
traps	2019,98538,36162
groan	2019,98345,36753
torch	2019,98173,33571
masks	2019,97066,38443
gauge	2019,97041,19379
penny	2019,96596,39825
lodge	2019,96559,19554
bliss	2019,96325,36119
chess	2019,96107,26758
ounce	2019,95983,31230
choir	2019,95955,26004
greed	2019,95815,40463
canoe	2019,95592,12920
tails	2019,95549,40375
drain	2019,95065,36133
piety	2019,94864,25685
blind	2019,94757,47591
syrup	2019,94745,20496
heavy	2019,94490,52074
cigar	2019,94358,24515
canon	2019,94312,21921
locus	2019,93653,24441
versa	2019,93342,49081
pearl	2019,93267,32014
salts	2019,93228,17448
stops	2019,93119,43322
wines	2019,93115,18207
fools	2019,91818,38903
skins	2019,91724,30901
grand	2019,91037,43159
bowls	2019,90945,33183
resin	2019,90779,12499
treat	2019,90508,41664
shake	2019,90431,39455
evils	2019,90360,32320
knots	2019,89773,36328
pasta	2019,89732,18236
rides	2019,89239,39539
scarf	2019,89222,31361
apron	2019,88827,32147
build	2019,88749,39561
maize	2019,88658,10649
vines	2019,88498,27110
wreck	2019,88459,34454
grams	2019,88219,13602
frost	2019,88136,29452
scalp	2019,87697,28696
roofs	2019,87091,33714
blink	2019,86675,26383
torso	2019,86480,29785
tiles	2019,86083,31450
ferry	2019,85989,19007
drums	2019,85974,30045
sweep	2019,85957,40484
ditch	2019,85236,33407
broth	2019,85089,16472
worms	2019,84970,29129
troop	2019,84653,25891
bears	2019,84557,29099
buddy	2019,84527,29258
ivory	2019,84471,30685
lions	2019,84429,28380
flaws	2019,84032,42457
brake	2019,83711,25976
leads	2019,83655,36241
peril	2019,83386,35929
aroma	2019,83232,30050
brown	2019,83113,31224
gonna	2019,83066,21374
crews	2019,82689,23334
badge	2019,82369,32277
diets	2019,82366,14612
sexes	2019,82270,26209
nouns	2019,82134,10926
shoot	2019,82115,28358
ethos	2019,81777,24530
motif	2019,81499,19647
paces	2019,80926,28676
blues	2019,80896,23254
gleam	2019,80885,31856
sails	2019,80737,25123
gamma	2019,80728,12060
stamp	2019,80566,39271
algae	2019,80469,11000
crude	2019,80462,35684
proxy	2019,80251,24835
mills	2019,79932,22218
hatch	2019,79927,21812
spies	2019,79878,26185
ebook	2019,79566,38255
mates	2019,79364,27724
heirs	2019,79159,26717
snack	2019,79018,31553
madam	2019,79010,15668
scrap	2019,78861,35597
glove	2019,78545,32354
pagan	2019,78533,18152
goose	2019,78529,34240
daddy	2019,78092,21997
vault	2019,78067,23990
steak	2019,77228,25179
flush	2019,77210,33262
inlet	2019,77191,11396
sinus	2019,77114,5474
bolts	2019,76903,28758
bloom	2019,76814,32845
yacht	2019,76685,14939
tutor	2019,76654,23975
queue	2019,76578,19873
ledge	2019,75991,26672
sting	2019,75870,37795
wedge	2019,75749,28378
burns	2019,75721,27613
fibre	2019,75236,16497
clash	2019,74663,35967
seals	2019,74565,22012
shrug	2019,74421,28855
fetus	2019,74281,10303
trout	2019,73811,13965
pinch	2019,73798,27622
voter	2019,73603,12411
exams	2019,73496,23910
flank	2019,73445,19295
abyss	2019,73391,31212
moods	2019,73250,34459
hints	2019,73208,41626
epoch	2019,73178,21694
drone	2019,72994,17387
ether	2019,72979,16822
pores	2019,72948,16215
manor	2019,72838,15188
chord	2019,72804,21666
ethic	2019,72671,25295
riots	2019,72627,22079
maids	2019,72591,23060
dwarf	2019,72458,14591
gangs	2019,72294,21149
bites	2019,72046,33648
vowel	2019,71896,7622
grape	2019,71864,21539
tires	2019,71486,25739
stems	2019,71241,21010
groom	2019,70948,22591
tombs	2019,70815,17072
ozone	2019,70813,10358
pouch	2019,70325,20542
fines	2019,70260,21431
lanes	2019,70228,28737
growl	2019,70214,27079
sands	2019,70146,23493
abode	2019,69938,26314
lever	2019,69422,24259
likes	2019,69330,35521
audio	2019,69321,18266
cheer	2019,68982,34573
opium	2019,68913,13520
attic	2019,68608,22403
strap	2019,68342,27706
amino	2019,68266,7345
patio	2019,68126,18764
nests	2019,67600,20764
rails	2019,67541,28301
raids	2019,67348,20259
gazes	2019,67101,22397
poker	2019,67076,24655
smirk	2019,67069,24714
beats	2019,67055,24305
idols	2019,66813,17230
maple	2019,66809,18671
hooks	2019,66743,28207
grove	2019,66630,22284
rains	2019,66469,26967
cocoa	2019,66175,15920
white	2019,65944,35058
motto	2019,65892,35319
baths	2019,65835,24501
mount	2019,65791,18819
scans	2019,65687,15783
salon	2019,65660,19090
noses	2019,65252,37806
roast	2019,64726,24178
whale	2019,64630,16210
creed	2019,64555,24426
cyber	2019,64553,8352
herds	2019,64469,19147
sects	2019,64046,14424
necks	2019,64036,36068
brink	2019,64004,36352
scorn	2019,63946,29086
intra	2019,63373,18331
loops	2019,63320,21001
boost	2019,63197,31678
blush	2019,62981,29915
quota	2019,62579,18703
crush	2019,62527,28522
razor	2019,62489,31023
camel	2019,62350,18351
hymns	2019,62317,19982
delta	2019,62297,14256
ducks	2019,62255,25546
stern	2019,62195,25306
rotor	2019,62105,4895
rents	2019,62050,17758
cubes	2019,61761,18467
cords	2019,61535,26242
flora	2019,61187,18242
cares	2019,61152,31599
rumor	2019,60962,27869
spice	2019,60870,21985
nexus	2019,60869,19626
float	2019,60760,22143
shark	2019,60704,17877
belts	2019,60548,28614
beers	2019,60544,18880
reuse	2019,60463,19244
toxin	2019,60426,8491
vices	2019,60349,22836
climb	2019,60113,24626
alien	2019,60009,21063
vigor	2019,59412,28066
ponds	2019,59408,16819
blaze	2019,59353,29074
packs	2019,59149,25828
carts	2019,59009,24191
mamma	2019,58787,7364
flats	2019,58703,21832
swell	2019,58495,26435
motel	2019,58471,12729
pines	2019,58335,19381
haven	2019,58314,31784
china	2019,58276,26022
cores	2019,58062,12193
lotus	2019,58009,11815
icons	2019,57822,18924
mould	2019,57733,20155
dolls	2019,57623,22703
chunk	2019,57572,29787
clans	2019,57482,13189
falls	2019,57408,17843
lobes	2019,57395,9406
jewel	2019,57075,25976
guise	2019,56557,33109
polls	2019,56494,15479
alert	2019,56343,32358
clips	2019,56280,22590
bluff	2019,55814,23790
foyer	2019,55776,19066
quilt	2019,55750,16720
satin	2019,55683,20951
shawl	2019,55465,18999
crisp	2019,55456,27876
grill	2019,55176,15523
avail	2019,54989,33892
pests	2019,54930,11772
medal	2019,54892,20878
anode	2019,54871,3591
peach	2019,54697,20721
tides	2019,54631,22036
redox	2019,54530,4268
vodka	2019,54398,15363
flask	2019,54340,17014
rally	2019,54051,19072
swarm	2019,53983,21586
leash	2019,53921,17579
timer	2019,53631,18551
wards	2019,53590,18111
cysts	2019,53562,4089
hobby	2019,53562,29483
cider	2019,53050,12008
docks	2019,52963,18477
tenth	2019,52793,28878
diner	2019,52720,14558
debut	2019,52506,18599
chalk	2019,52422,21853
aging	2019,52415,13075
havoc	2019,52240,33858
coals	2019,52166,21130
flute	2019,52157,16509
whore	2019,52084,17404
cache	2019,51871,10880
pixel	2019,51862,5401
notch	2019,51859,22945
blogs	2019,51839,17111
fangs	2019,51824,16301
downs	2019,51786,30623
frogs	2019,51494,19754
write	2019,51438,20779
coral	2019,51437,12954
tenor	2019,51423,22378
mules	2019,51404,13253
drunk	2019,51321,27769
rhyme	2019,51240,19219
swamp	2019,51231,17062
brook	2019,51174,15577
fauna	2019,50869,14300
meats	2019,50758,18569
aorta	2019,50457,4252
brute	2019,50449,21063
marsh	2019,50429,13913
decks	2019,50416,16735
groin	2019,50287,17553
wills	2019,50165,20850
avant	2019,50002,11937
tempo	2019,49856,16928
gears	2019,49848,20569
bumps	2019,49807,26836
stump	2019,49744,20650
desks	2019,49743,26071
plank	2019,49734,22440
bikes	2019,49436,15302
heaps	2019,49428,23760
shale	2019,49121,5989
ulcer	2019,48860,7603
dogma	2019,48821,19295
tunic	2019,48714,13955
relay	2019,48552,12319
plaza	2019,48365,10130
glint	2019,48065,23773
depot	2019,48024,14542
cones	2019,47951,16249
cuffs	2019,47456,19775
broom	2019,47383,22276
fifth	2019,47369,29432
lapse	2019,47263,26173
scout	2019,47166,14657
quiet	2019,47027,29968
bulbs	2019,46807,18856
upset	2019,46774,28882
trays	2019,46702,21392
tunes	2019,46530,20341
vinyl	2019,46394,14229
leaks	2019,46316,18519
annum	2019,46282,13667
coils	2019,46205,15243
truce	2019,46131,19038
rises	2019,46084,25610
gowns	2019,46057,20707
maxim	2019,46000,18585
barge	2019,45986,16583
dunes	2019,45959,11457
bully	2019,45909,22483
grunt	2019,45884,23271
tapes	2019,45746,17228
facet	2019,45643,20973
spill	2019,45614,16924
grids	2019,45557,11615
mixer	2019,45527,8614
twigs	2019,45523,21338
elect	2019,45420,15013
blank	2019,45348,24251
slate	2019,45331,24177
loser	2019,45279,24651
sneer	2019,45045,21289
cooks	2019,44883,20952
garde	2019,44879,10732
cages	2019,44809,17660
bucks	2019,44590,19171
mirth	2019,44568,20316
baron	2019,44391,9543
prick	2019,44373,15796
minor	2019,44140,14541
shack	2019,43999,14176
chick	2019,43930,15675
venom	2019,43759,19247
vicar	2019,43699,9126
freak	2019,43621,24249
spike	2019,43596,20459
scowl	2019,43523,20921
slabs	2019,43505,16758
cedar	2019,43502,15507
menus	2019,43400,16632
aunts	2019,43251,19385
abbey	2019,43237,6753
fumes	2019,43154,23868
trope	2019,43066,12868
geese	2019,43051,15883
bulls	2019,43050,14456
stair	2019,42895,17059
gasps	2019,42848,21221
prism	2019,42647,15288
valet	2019,42603,12419
bulge	2019,42369,18768
flare	2019,42311,19696
semen	2019,42249,8722
crate	2019,42222,12850
clown	2019,42214,18214
triad	2019,42107,12016
snort	2019,42040,19540
shine	2019,41887,26217
forts	2019,41846,12070
moons	2019,41757,16066
wares	2019,41747,20020
relic	2019,41691,21107
idiom	2019,41583,15038
sinks	2019,41580,21474
disks	2019,41531,10298
logos	2019,41527,14207
silly	2019,41427,27276
perch	2019,41361,21307
creep	2019,41349,11487
oaths	2019,41262,16602
odour	2019,41262,14605
slips	2019,41229,22953
karma	2019,41200,9911
wants	2019,41141,21197
fries	2019,41049,16335
jumps	2019,41005,19671
lambs	2019,40861,14584
buggy	2019,40783,8695
prime	2019,40717,22929
sacks	2019,40702,18621
rabbi	2019,40501,7188
siren	2019,40478,21201
sighs	2019,40310,20782
soles	2019,40270,22218
gorge	2019,40141,11821
baker	2019,40131,17018
chasm	2019,40117,21667
thyme	2019,40116,7152
chant	2019,40083,17869
clone	2019,40066,8034
filth	2019,40042,21252
metre	2019,40014,12145
condo	2019,39971,9038
blond	2019,39931,18931
thump	2019,39913,20398
anion	2019,39896,4524
pleas	2019,39884,21591
basil	2019,39855,6798
props	2019,39850,16937
thorn	2019,39814,20860
flaps	2019,39775,11376
mucus	2019,39670,8610
gloss	2019,39666,19047
hound	2019,39639,14719
reefs	2019,39615,8444
stalk	2019,39574,14665
elves	2019,39308,6657
nanny	2019,39287,11230
mania	2019,39248,15334
lumen	2019,39246,4903
ducts	2019,39231,8145
harms	2019,39197,8950
alter	2019,39007,20799
tonic	2019,38988,15180
smear	2019,38881,13585
discs	2019,38779,12594
reeds	2019,38623,14513
psalm	2019,38511,7408
crook	2019,38387,21725
ester	2019,38341,4584
rigor	2019,38338,18233
think	2019,38232,24128
stays	2019,38139,22856
slots	2019,38098,14114
plume	2019,38097,15070
birch	2019,38032,12937
gauze	2019,37934,15348
lance	2019,37876,11876
diode	2019,37784,4017
carry	2019,37743,17749
pedal	2019,37657,14746
sewer	2019,37621,12956
lupus	2019,37467,4264
axiom	2019,37425,12020
foxes	2019,37244,13403
tions	2019,37243,11864
moans	2019,37225,13576
shrub	2019,37054,11516
slang	2019,37022,15870
epoxy	2019,36982,3720
sling	2019,36925,14003
stent	2019,36922,2355
tinge	2019,36909,22692
abbot	2019,36652,5598
ethyl	2019,36652,5439
seams	2019,36645,19995
berry	2019,36606,12420
gravy	2019,36580,13440
mains	2019,36546,6065
sages	2019,36527,10729
stead	2019,36441,21107
chili	2019,36383,8733
crawl	2019,36363,23045
forks	2019,36210,19428
curry	2019,36146,9104
palsy	2019,36117,7125
crane	2019,36109,12706
stuck	2019,36058,25734
spasm	2019,36006,15298
guild	2019,35932,8704
booze	2019,35927,15493
kicks	2019,35858,21555
flick	2019,35857,20030
raven	2019,35856,12319
harem	2019,35683,8507
flint	2019,35665,13512
sieve	2019,35611,10224
lawns	2019,35571,18694
vegan	2019,35508,6999
mango	2019,35363,10236
fossa	2019,35324,2440
berth	2019,35089,15125
macro	2019,35014,12261
mural	2019,34933,11379
grips	2019,34867,21403
dwell	2019,34800,16590
edict	2019,34659,12483
crows	2019,34628,14315
envoy	2019,34608,10353
wharf	2019,34556,9859
hides	2019,34317,16529
sedan	2019,34284,12777
bytes	2019,34276,4537
slums	2019,34142,13225
grate	2019,34110,14055
mails	2019,33964,12364
liner	2019,33816,13735
shone	2019,33813,20924
lumps	2019,33776,18877
brood	2019,33685,14061
latch	2019,33683,16683
speck	2019,33682,20701
feces	2019,33660,8606
upper	2019,33568,13406
tramp	2019,33497,13606
solid	2019,33466,13267
boxer	2019,33438,14827
zeros	2019,33414,8129
spicy	2019,33378,15853
aides	2019,33339,12514
vases	2019,33130,14992
clasp	2019,33032,16955
ferns	2019,32993,12539
binge	2019,32930,10870
clump	2019,32702,17807
cures	2019,32666,15695
sheen	2019,32529,19415
swine	2019,32495,12464
fable	2019,32406,14734
germs	2019,32392,14599
oasis	2019,32372,15530
shunt	2019,32364,3359
farce	2019,32246,17616
cumin	2019,32165,4390
racks	2019,32099,16332
quart	2019,32073,8898
euros	2019,32048,8210
braid	2019,31908,14078
feats	2019,31892,19148
whiff	2019,31867,21296
spurs	2019,31843,12975
ticks	2019,31706,9635
comma	2019,31679,7447
major	2019,31642,12004
mists	2019,31635,15866
metro	2019,31582,8516
thugs	2019,31572,13508
alibi	2019,31494,10676
steed	2019,31428,10719
raise	2019,31216,17421
crabs	2019,31213,11332
booty	2019,31168,13893
brace	2019,31162,12738
frock	2019,31146,11908
cults	2019,31139,8704
visas	2019,31138,8489
asses	2019,31127,15225
taboo	2019,30858,15036
apnea	2019,30842,2958
tread	2019,30792,15096
throb	2019,30740,17143
fates	2019,30601,18902
cease	2019,30578,14586
saith	2019,30515,4423
chaps	2019,30470,11160
slits	2019,30409,14886
moles	2019,30405,8264
boron	2019,30296,3788
cadre	2019,30208,11521
brine	2019,30132,8166
slash	2019,30099,14906
axial	2019,30033,5470
infra	2019,30009,5797
hoofs	2019,29985,11070
tiers	2019,29976,13980
bribe	2019,29857,14520
carbs	2019,29756,4368
spade	2019,29741,12052
nigga	2019,29729,1281
comet	2019,29712,8688
debit	2019,29491,8016
giver	2019,29486,15749
spans	2019,29485,15017
vomit	2019,29472,17074
salty	2019,29370,16138
snail	2019,29369,14287
dowry	2019,29328,10317
bloke	2019,29294,7555
chefs	2019,29115,10325
miner	2019,29089,9598
dryer	2019,29034,11941
barns	2019,28731,14088
stint	2019,28712,18797
hinge	2019,28679,12734
furry	2019,28574,15172
snare	2019,28479,12771
moths	2019,28469,10917
scoop	2019,28392,14695
axons	2019,28268,2938
tibia	2019,28244,3469
vocal	2019,28243,11931
dummy	2019,28158,10138
horde	2019,28157,13678
hydro	2019,28121,7000
masts	2019,28014,10604
pears	2019,27984,11216
helix	2019,27974,6136
fours	2019,27964,16163
odors	2019,27914,12195
proto	2019,27851,10884
lemma	2019,27824,3240
chops	2019,27821,12448
vogue	2019,27790,16777
loves	2019,27712,16429
rogue	2019,27665,12421
alkyl	2019,27539,2795
hunch	2019,27525,16217
icing	2019,27503,10860
xviii	2019,27454,9756
denim	2019,27386,13520
irons	2019,27384,13163
stunt	2019,27355,14317
bolus	2019,27329,3060
fiend	2019,27274,11925
femur	2019,27228,4440
weird	2019,27222,17087
libel	2019,27187,9081
slack	2019,27165,16777
bouts	2019,27157,15845
scare	2019,27149,18471
domes	2019,27120,10300
leaps	2019,27061,18255
tummy	2019,27058,10889
beech	2019,27043,9402
decor	2019,27012,10412
stout	2019,26972,14227
jelly	2019,26969,12308
slime	2019,26894,12475
knack	2019,26882,18951
darts	2019,26773,13168
navel	2019,26772,11557
swirl	2019,26735,15769
fares	2019,26723,12286
panes	2019,26692,14474
atlas	2019,26683,8263
fairs	2019,26560,12477
ovary	2019,26543,3240
mixes	2019,26509,11672
finds	2019,26459,8695
scrub	2019,26318,10417
holds	2019,26187,14408
wafer	2019,26123,5862
melts	2019,25909,12087
cleft	2019,25884,10304
snout	2019,25841,10469
vista	2019,25839,14873
taxis	2019,25785,11316
brunt	2019,25659,19559
molds	2019,25659,8243
bison	2019,25629,5224
runes	2019,25624,4095
minus	2019,25540,13434
petty	2019,25519,15622
bales	2019,25490,10289
gills	2019,25413,7969
stink	2019,25404,13420
lyric	2019,25282,7345
puffs	2019,25207,15715
exits	2019,25164,14854
cocks	2019,25115,8870
clove	2019,25043,5794
spins	2019,25037,7878
pangs	2019,25007,15576
bends	2019,25001,14347
whirl	2019,24899,16096
grins	2019,24886,12417
mores	2019,24747,12317
serve	2019,24705,15777
royal	2019,24637,12073
voids	2019,24561,7028
loins	2019,24487,11292
rehab	2019,24462,8722
hyper	2019,24452,12315
vigil	2019,24429,14365
sores	2019,24286,11621
doves	2019,24272,11653
baton	2019,24251,11703
pivot	2019,24190,12070
spurt	2019,24162,13295
leapt	2019,24091,13533
vents	2019,24089,10511
noose	2019,24013,12971
spire	2019,23957,10007
actin	2019,23918,2816
bible	2019,23916,9204
teddy	2019,23766,10976
whims	2019,23757,17422
laity	2019,23712,6233
melon	2019,23662,9920
malls	2019,23635,11310
soups	2019,23603,7943
gulls	2019,23464,9088
silks	2019,23380,11672
valor	2019,23340,10323
piers	2019,23333,7316
snuff	2019,23242,8404
nymph	2019,23229,7696
flyer	2019,23191,10125
clamp	2019,23043,6080
hitch	2019,23040,15239
snarl	2019,23039,12625
forge	2019,23013,9949
yarns	2019,22992,5535
creak	2019,22966,14535
fella	2019,22939,8194
sheds	2019,22888,12112
casts	2019,22875,9119
juror	2019,22863,3180
great	2019,22848,16183
robin	2019,22826,9031
chore	2019,22813,15503
arson	2019,22782,9343
tenet	2019,22777,14817
radii	2019,22745,5677
mafia	2019,22694,6528
thong	2019,22686,7250
islet	2019,22683,4177
nylon	2019,22609,9027
dildo	2019,22601,2358
paler	2019,22538,11806
poise	2019,22515,13609
admin	2019,22514,6315
wager	2019,22485,9893
tally	2019,22446,13433
jihad	2019,22431,3173
swift	2019,22391,14846
taper	2019,22323,8017
heath	2019,22321,8776
flair	2019,22298,15234
rodeo	2019,22288,5420
poses	2019,22268,10977
bangs	2019,22206,12830
crypt	2019,22165,6758
butts	2019,22093,14259
swaps	2019,22079,4906
waltz	2019,22059,9681
tweet	2019,22031,6388
mites	2019,22006,5190
vials	2019,22006,7655
friar	2019,21814,5387
micro	2019,21813,9820
girth	2019,21713,11060
sofas	2019,21686,12693
under	2019,21622,13982
taker	2019,21567,10153
larva	2019,21546,3520
smith	2019,21490,6737
salsa	2019,21478,6296
terra	2019,21427,9614
glaze	2019,21419,6811
carer	2019,21411,4640
yolks	2019,21406,3859
laces	2019,21386,12147
jails	2019,21363,7804
highs	2019,21343,12089
swans	2019,21300,9293
diver	2019,21297,7402
liars	2019,21294,12864
fling	2019,21248,12440
gyrus	2019,21246,1836
whips	2019,21195,12765
thick	2019,21166,14742
wraps	2019,21116,13054
overs	2019,21100,4983
pence	2019,21093,9019
kills	2019,21082,11368
clout	2019,21054,12836
lifts	2019,21046,10825
inset	2019,21020,6516
veils	2019,20992,11569
slump	2019,20990,11531
tongs	2019,20973,9964
eaves	2019,20971,11898
adage	2019,20855,15426
whine	2019,20839,12937
gully	2019,20830,6079
inlaw	2019,20633,13297
polis	2019,20606,3970
remit	2019,20556,10185
about	2019,20513,15697
prank	2019,20493,12068
chuck	2019,20442,10124
wasps	2019,20430,6896
boobs	2019,20407,7511
alias	2019,20388,9177
clays	2019,20366,3546
gusts	2019,20304,12807
angst	2019,20245,12784
fleas	2019,20242,8577
sushi	2019,20238,6933
magma	2019,20237,3716
mover	2019,20193,9621
plums	2019,20184,9593
ethno	2019,20123,5399
hawks	2019,20123,9575
woody	2019,20072,6284
ahead	2019,20005,11084
sheer	2019,19977,13984
pints	2019,19974,8575
fowls	2019,19925,7740
wrong	2019,19837,12849
tuple	2019,19821,2435
lysis	2019,19819,3494
boast	2019,19796,12944
maths	2019,19780,6866
tints	2019,19774,9304
limbo	2019,19755,13658
wench	2019,19753,6228
jerks	2019,19680,11571
amber	2019,19674,11027
mater	2019,19669,8974
stoop	2019,19648,10947
taint	2019,19628,11367
troll	2019,19591,4463
hikes	2019,19588,7080
slant	2019,19504,12428
parte	2019,19454,3723
hoops	2019,19389,12384
latex	2019,19298,6343
login	2019,19278,4678
polio	2019,19227,5834
nudge	2019,19194,12514
silos	2019,19183,8141
inner	2019,19164,11012
bunny	2019,19162,8944
intel	2019,19116,6748
chaff	2019,19107,10452
ardor	2019,19106,9648
pesos	2019,19093,3031
rouge	2019,19002,8051
stash	2019,18987,11453
clang	2019,18963,11596
jetty	2019,18961,5734
poppy	2019,18860,7648
dregs	2019,18847,13023
warts	2019,18805,6632
plugs	2019,18791,8750
sakes	2019,18743,11610
beets	2019,18700,5907
crore	2019,18673,1848
tyres	2019,18643,6947
slain	2019,18639,8753
wilds	2019,18636,10495
gypsy	2019,18623,6040
rugby	2019,18621,4366
folio	2019,18602,5125
wince	2019,18558,12521
sheaf	2019,18542,9928
shove	2019,18542,12779
tufts	2019,18530,10331
toxic	2019,18528,9629
popes	2019,18503,5114
wisps	2019,18484,12622
picks	2019,18480,11298
datum	2019,18450,5344
daily	2019,18407,9557
gourd	2019,18374,6515
volts	2019,18346,5199
hazel	2019,18290,10080
cacao	2019,18289,3134
shred	2019,18277,13559
clams	2019,18267,6006
easel	2019,18236,7423
mummy	2019,18233,7324
studs	2019,18232,8419
totem	2019,18232,6388
serfs	2019,18177,5700
gamut	2019,18162,12325
ovens	2019,18108,10126
moors	2019,18091,6012
sneak	2019,18074,10543
posse	2019,18057,7471
chute	2019,18037,6391
swipe	2019,18030,12061
chemo	2019,18009,4860
grime	2019,17994,12144
hunts	2019,17953,10220
spoil	2019,17947,7916
babes	2019,17928,9853
moose	2019,17925,4732
circa	2019,17893,8047
purge	2019,17881,7601
speak	2019,17815,11785
auras	2019,17763,4365
flops	2019,17760,8859
roars	2019,17755,9850
snows	2019,17723,9465
vests	2019,17714,10698
duvet	2019,17666,6755
froth	2019,17581,9767
makes	2019,17574,14159
aught	2019,17530,7615
epics	2019,17529,5856
dimer	2019,17500,3017
memes	2019,17478,4791
spore	2019,17440,2893
rafts	2019,17426,6906
loved	2019,17396,12822
taels	2019,17388,1636
barks	2019,17370,10377
mason	2019,17347,8078
eater	2019,17285,10508
tease	2019,17276,10661
stats	2019,17268,7722
pasts	2019,17190,9355
memos	2019,17163,6569
hives	2019,17049,6791
prima	2019,17038,6559
chats	2019,17020,11190
faire	2019,17016,7154
liter	2019,16996,6305
dukes	2019,16987,6328
quill	2019,16966,7845
grind	2019,16943,11633
mages	2019,16907,1495
disco	2019,16898,7268
saber	2019,16884,5461
spree	2019,16828,11146
molar	2019,16820,3372
fixes	2019,16796,10335
lurch	2019,16744,12176
biker	2019,16736,5343
cadet	2019,16717,5620
casks	2019,16701,5912
sigma	2019,16652,3603
glade	2019,16644,6528
modem	2019,16636,4783
swath	2019,16632,10726
owing	2019,16594,10480
bower	2019,16571,7155
licks	2019,16556,8316
ramps	2019,16551,7993
brawl	2019,16502,10944
craze	2019,16493,10184
plaid	2019,16470,9070
chile	2019,16399,2571
booms	2019,16396,8383
chime	2019,16344,10267
cking	2019,16341,2563
paras	2019,16314,1853
vulva	2019,16312,3053
lorry	2019,16212,5466
mares	2019,16195,4670
sloop	2019,16160,3398
cafes	2019,16145,7717
dodge	2019,16102,9404
quail	2019,16091,6955
quake	2019,16091,8777
dwelt	2019,16081,8938
canes	2019,16080,8039
trove	2019,16041,11427
tusks	2019,15990,6152
adobe	2019,15848,4845
foray	2019,15822,11995
soaps	2019,15813,7358
payer	2019,15807,4136
utter	2019,15778,11452
labia	2019,15767,3145
kitty	2019,15748,6543
tacos	2019,15744,5373
deuce	2019,15713,5710
temps	2019,15697,5911
petal	2019,15653,6996
truss	2019,15648,2539
gusto	2019,15631,11998
facie	2019,15537,5215
hoods	2019,15466,9208
tries	2019,15462,10924
cello	2019,15438,4388
drawl	2019,15438,9739
knobs	2019,15381,9175
yells	2019,15362,9056
aloof	2019,15359,11265
fonts	2019,15356,5674
perks	2019,15308,10603
omega	2019,15250,4591
coven	2019,15225,2092
howls	2019,15222,10190
swoop	2019,15174,11294
glide	2019,15142,7010
combo	2019,15138,7124
comer	2019,15068,8286
boils	2019,15064,9194
manna	2019,14971,6036
skiff	2019,14964,4467
annex	2019,14942,6626
sniff	2019,14901,10256
iliac	2019,14887,1399
crank	2019,14837,6812
codon	2019,14833,1876
hoard	2019,14820,7099
cheat	2019,14769,9282
pawns	2019,14749,7494
shard	2019,14726,6479
visor	2019,14711,6979
busts	2019,14698,7572
inbox	2019,14669,7934
kiosk	2019,14651,6306
rinse	2019,14639,6373
basic	2019,14616,11437
blocs	2019,14589,5187
whisk	2019,14563,4513
omens	2019,14551,7410
drips	2019,14522,9545
liens	2019,14476,1798
tweed	2019,14465,8198
litre	2019,14459,4701
aches	2019,14433,10311
sauna	2019,14424,5927
melee	2019,14412,7696
lusts	2019,14407,5944
gotta	2019,14379,8280
clots	2019,14316,5709
droop	2019,14295,7067
comin	2019,14265,5591
rungs	2019,14206,8982
toils	2019,14203,8103
fluke	2019,14193,8456
bingo	2019,14170,4567
azure	2019,14168,7856
divan	2019,14168,4768
kayak	2019,14146,3012
hulls	2019,14141,5903
colds	2019,14139,7605
donut	2019,14122,5472
voxel	2019,14109,1447
combs	2019,14101,6938
messy	2019,14098,11421
leper	2019,14002,6002
ultra	2019,13934,7613
momma	2019,13866,4126
skunk	2019,13865,6199
bunks	2019,13838,6744
biota	2019,13835,2326
wiser	2019,13823,11056
knoll	2019,13812,6507
toads	2019,13796,5726
vagus	2019,13794,2333
copse	2019,13790,7027
usher	2019,13767,7101
thine	2019,13748,5249
tolls	2019,13729,6794
dives	2019,13681,6546
churn	2019,13670,7583
manga	2019,13640,2129
clean	2019,13623,10632
haunt	2019,13613,9030
crags	2019,13584,6432
usury	2019,13539,4364
going	2019,13455,10858
slugs	2019,13449,6217
delle	2019,13407,3482
dumps	2019,13406,7728
heats	2019,13387,6342
slats	2019,13366,8237
coups	2019,13324,5325
calyx	2019,13305,1647
knave	2019,13299,5183
beaks	2019,13271,7478
gales	2019,13258,7568
ments	2019,13231,5849
dorms	2019,13196,5080
subsp	2019,13177,1458
masse	2019,13167,10336
sucks	2019,13103,9086
smack	2019,13093,9294
felon	2019,13082,6580
kinda	2019,13080,7011
viper	2019,13020,7252
rarer	2019,13009,9658
demos	2019,13005,3939
telos	2019,12975,4020
latte	2019,12962,6409
suppl	2019,12946,2970
dudes	2019,12941,5927
wails	2019,12909,8888
codex	2019,12827,2596
shins	2019,12823,8952
spoke	2019,12823,8546
payee	2019,12820,1295
hoses	2019,12818,6531
needy	2019,12809,8256
junta	2019,12793,3195
mulch	2019,12785,3557
franc	2019,12779,3736
torts	2019,12758,1997
scion	2019,12747,6245
setae	2019,12738,385
zebra	2019,12722,5423
aegis	2019,12716,8304
miser	2019,12704,6582
salve	2019,12631,7447
anvil	2019,12623,6992
nooks	2019,12577,9384
anime	2019,12573,2798
lapel	2019,12567,8349
kilos	2019,12565,5347
pluck	2019,12550,7337
goons	2019,12541,4926
fades	2019,12538,9102
intro	2019,12517,5589
ebony	2019,12515,7855
hares	2019,12515,6118
moron	2019,12511,7466
gurus	2019,12502,5789
meaty	2019,12497,7882
foams	2019,12489,2157
waits	2019,12455,8059
sloth	2019,12420,7364
stony	2019,12414,8403
hires	2019,12398,5165
crumb	2019,12382,7712
emoji	2019,12380,4585
feuds	2019,12363,7670
topos	2019,12349,3525
limes	2019,12343,5272
phage	2019,12292,970
sprig	2019,12280,6603
elegy	2019,12273,3810
tulip	2019,12226,4976
agape	2019,12217,7350
sabre	2019,12122,3971
strut	2019,12090,4715
tithe	2019,12080,5131
sonar	2019,12073,3402
logit	2019,12050,1924
clade	2019,12046,1189
auxin	2019,12037,723
synod	2019,12021,2589
cobra	2019,12017,5347
puree	2019,12016,2483
banjo	2019,11990,3795
fudge	2019,11985,5458
gulps	2019,11983,9333
const	2019,11950,1595
wiles	2019,11948,8430
spout	2019,11939,6951
kites	2019,11934,5641
sleet	2019,11896,7115
spool	2019,11892,4176
vibes	2019,11891,7307
dials	2019,11882,6456
lunge	2019,11847,6594
husks	2019,11838,7012
ladle	2019,11838,6206
bleak	2019,11824,9714
mower	2019,11781,6039
illus	2019,11765,681
isles	2019,11753,5548
short	2019,11716,8453
funny	2019,11634,8721
lager	2019,11628,4511
spake	2019,11622,3186
flake	2019,11611,5550
levee	2019,11606,3502
scuba	2019,11576,4393
stile	2019,11555,4175
sally	2019,11476,6669
cilia	2019,11472,1984
ileum	2019,11471,1708
loner	2019,11468,8040
tapas	2019,11442,2479
ambit	2019,11438,5346
nigra	2019,11385,2651
qubit	2019,11357,480
xylem	2019,11352,1076
rapes	2019,11347,5499
adder	2019,11335,3598
otter	2019,11318,3933
fluff	2019,11303,8220
tarts	2019,11300,5448
spate	2019,11289,8353
tango	2019,11285,4000
nadir	2019,11244,5732
amine	2019,11243,2377
swish	2019,11238,8094
ninja	2019,11215,3766
comms	2019,11206,1814
genie	2019,11179,5242
servo	2019,11173,1543
seers	2019,11161,5120
mommy	2019,11155,4752
weave	2019,11136,5487
rover	2019,11134,3004
ionic	2019,11114,3049
whack	2019,11106,8431
potty	2019,11051,3794
smock	2019,11022,5865
edits	2019,11001,6407
queer	2019,10998,5170
rests	2019,10989,7997
kappa	2019,10986,2848
bugle	2019,10981,5391
tiara	2019,10975,5417
riser	2019,10939,5210
swoon	2019,10933,6883
quoth	2019,10927,2055
goers	2019,10921,7493
clink	2019,10918,7916
hijab	2019,10918,2851
saucy	2019,10902,7091
hovel	2019,10886,6102
laird	2019,10884,1314
scams	2019,10881,4323
torus	2019,10878,1722
foals	2019,10852,1863
pesto	2019,10808,2564
reset	2019,10805,4756
shoal	2019,10778,4689
comic	2019,10737,3887
guile	2019,10737,7382
dames	2019,10732,5128
taxon	2019,10732,1930
smash	2019,10683,7463
droll	2019,10675,6184
bagel	2019,10670,4695
manic	2019,10621,4952
skate	2019,10611,4696
atria	2019,10603,1593
ochre	2019,10594,4921
writs	2019,10580,2735
heron	2019,10570,4776
tacit	2019,10569,5889
quack	2019,10553,5979
taunt	2019,10553,7683
heave	2019,10541,6381
doers	2019,10533,6798
watts	2019,10475,3461
whoop	2019,10468,7297
polyp	2019,10466,1744
heals	2019,10459,7651
cramp	2019,10452,7023
slush	2019,10426,6641
leeks	2019,10424,3460
shrew	2019,10423,4459
hacks	2019,10421,5907
tarot	2019,10417,2078
rhino	2019,10383,3090
decoy	2019,10379,5868
dyads	2019,10375,2911
karst	2019,10344,1190
ennui	2019,10319,6236
peels	2019,10318,4299
agile	2019,10276,6171
barbs	2019,10263,6747
rupee	2019,10241,2754
boars	2019,10234,4139
tonne	2019,10202,2917
argon	2019,10181,3023
shank	2019,10145,3669
purer	2019,10142,7705
reels	2019,10129,5477
apace	2019,10112,7700
jacks	2019,10112,5553
outer	2019,10099,5570
gnome	2019,10080,2888
kiddo	2019,10060,4734
donna	2019,10056,3884
myrrh	2019,10051,4200
swabs	2019,10048,3527
hyena	2019,10036,4141
duchy	2019,10026,2545
xxvii	2019,9998,3999
leech	2019,9973,4689
snaps	2019,9969,6911
bleed	2019,9925,5364
jests	2019,9919,5803
muses	2019,9905,6023
acorn	2019,9897,5026
fixer	2019,9846,4140
harps	2019,9826,4633
sagas	2019,9826,3123
techs	2019,9737,3448
sassy	2019,9736,6699
shiny	2019,9720,7748
villi	2019,9709,1443
beige	2019,9697,6917
bough	2019,9691,5840
glows	2019,9678,6909
rainy	2019,9658,7343
duels	2019,9641,5365
brats	2019,9610,6069
pikes	2019,9603,4365
slaps	2019,9599,6601
bicep	2019,9595,6064
drool	2019,9584,6704
dents	2019,9574,6566
chins	2019,9565,7513
spiny	2019,9562,3358
arbor	2019,9558,3936
mince	2019,9558,3904
abide	2019,9557,6694
pinks	2019,9556,6873
belle	2019,9534,5746
joker	2019,9498,6054
forte	2019,9494,7428
stews	2019,9483,4785
fryer	2019,9470,1594
grits	2019,9464,3028
cairn	2019,9438,2687
chink	2019,9429,6924
trams	2019,9416,4101
utero	2019,9401,3498
nomad	2019,9369,4322
spawn	2019,9357,5018
bards	2019,9343,3890
mumps	2019,9339,3415
flirt	2019,9323,6386
panda	2019,9323,3570
quirk	2019,9315,7369
liege	2019,9312,3026
stoma	2019,9296,1102
flips	2019,9292,5135
carte	2019,9291,5961
looms	2019,9271,4492
vitae	2019,9271,3903
xxiii	2019,9269,4720
einer	2019,9249,3621
talus	2019,9237,1246
crass	2019,9228,7336
welds	2019,9227,1304
parka	2019,9222,3610
fives	2019,9219,6312
padre	2019,9213,2255
dears	2019,9204,4842
blobs	2019,9202,5224
lingo	2019,9192,6958
bonny	2019,9188,3314
putty	2019,9180,5474
beeps	2019,9179,4781
grabs	2019,9178,6687
canny	2019,9156,6312
longs	2019,9144,6634
savvy	2019,9141,7059
grout	2019,9129,1476
titer	2019,9116,1770
horny	2019,9102,4460
lilac	2019,9101,5312
amity	2019,9097,5192
specs	2019,9086,5180
keeps	2019,9057,7481
medic	2019,9026,3900
winks	2019,9016,6502
conch	2019,9015,3285
glans	2019,9001,1615
fjord	2019,8988,1736
ditto	2019,8978,3746
renin	2019,8975,1127
hoist	2019,8953,3680
gaunt	2019,8931,7026
cameo	2019,8903,5202
spits	2019,8898,5892
winch	2019,8879,3423
pails	2019,8878,5561
greet	2019,8858,6233
revel	2019,8854,6353
dying	2019,8853,6344
debug	2019,8807,1598
nevus	2019,8798,581
wipes	2019,8780,5188
stele	2019,8768,1748
racer	2019,8762,3759
rifts	2019,8761,5965
first	2019,8718,6462
sodas	2019,8702,5686
fuses	2019,8681,4208
squaw	2019,8680,2307
dower	2019,8679,3073
fiery	2019,8649,7184
rages	2019,8646,6725
kinks	2019,8639,6125
peals	2019,8638,6254
buoys	2019,8637,3081
enema	2019,8636,2405
roost	2019,8629,5215
seems	2019,8615,7749
degli	2019,8609,2761
tryst	2019,8606,5833
foils	2019,8601,4041
theta	2019,8597,1862
quark	2019,8594,879
aunty	2019,8565,3061
pelts	2019,8561,3851
drape	2019,8558,3997
boson	2019,8553,1065
spunk	2019,8550,4350
slurs	2019,8536,5216
dykes	2019,8533,3268
kilns	2019,8518,3085
trump	2019,8515,4908
solos	2019,8507,3312
mazes	2019,8499,5328
spars	2019,8499,3420
rater	2019,8493,1672
hells	2019,8480,3483
credo	2019,8473,5605
stork	2019,8470,3785
lakhs	2019,8448,1916
shire	2019,8432,3067
gents	2019,8404,4784
gorse	2019,8398,3453
petit	2019,8377,4106
cutie	2019,8302,2933
radon	2019,8281,1463
hiker	2019,8271,3194
graze	2019,8250,6099
detox	2019,8237,2956
april	2019,8234,1062
crock	2019,8217,3699
exons	2019,8199,1363
volar	2019,8166,571
axles	2019,8162,3339
louse	2019,8156,3333
capes	2019,8155,5390
witty	2019,8155,6389
ulama	2019,8142,717
lasso	2019,8137,3170
omics	2019,8128,1325
crone	2019,8107,3997
earls	2019,8107,2556
squid	2019,8091,2861
sahib	2019,8087,958
wakes	2019,8077,5468
floss	2019,8032,3463
stank	2019,8030,5875
ingot	2019,8026,1993
fount	2019,8015,5535
indie	2019,7979,3211
septa	2019,7979,1442
salvo	2019,7976,4883
twain	2019,7962,4684
aspen	2019,7942,3236
scrum	2019,7937,3044
meets	2019,7905,5656
mucin	2019,7902,1275
prong	2019,7901,2968
clime	2019,7894,4661
croak	2019,7883,5737
thiol	2019,7879,1768
crepe	2019,7862,4368
gavel	2019,7860,3947
guano	2019,7853,2159
prawn	2019,7847,3059
twang	2019,7829,6021
deans	2019,7823,2914
dicks	2019,7815,4003
piper	2019,7810,4176
bairn	2019,7801,1552
excel	2019,7784,6069
plush	2019,7765,5911
deeps	2019,7730,4174
peeks	2019,7727,5470
ileus	2019,7717,1037
matte	2019,7675,3405
anise	2019,7665,2751
ghoul	2019,7663,2353
blitz	2019,7661,3584
anima	2019,7659,2221
punks	2019,7655,3088
cacti	2019,7651,3599
chirp	2019,7633,4760
gamer	2019,7633,2529
india	2019,7607,3392
mints	2019,7607,3978
humus	2019,7606,2735
trill	2019,7597,3792
dikes	2019,7594,2675
idyll	2019,7593,4717
gruel	2019,7588,4085
quays	2019,7570,3431
pecan	2019,7550,3497
mankh	2019,7548,12
macho	2019,7544,5234
trier	2019,7540,1089
fetal	2019,7526,1955
lynch	2019,7521,4211
sooth	2019,7515,2660
fugue	2019,7505,3096
tomes	2019,7502,5530
finer	2019,7491,5765
tuber	2019,7486,2246
saver	2019,7482,4968
unite	2019,7470,5820
cabal	2019,7465,3863
bursa	2019,7442,938
jeers	2019,7427,5903
hover	2019,7420,3918
golem	2019,7413,1036
pacts	2019,7404,3754
vixen	2019,7390,3946
viola	2019,7384,2064
furor	2019,7371,4713
whist	2019,7357,3587
carol	2019,7356,3772
grays	2019,7352,4473
nines	2019,7325,4127
jaunt	2019,7320,5612
ramus	2019,7319,843
rooks	2019,7290,3163
nonce	2019,7282,2647
dross	2019,7251,4696
david	2019,7244,1377
clank	2019,7225,5176
troth	2019,7216,3312
derby	2019,7196,2944
ramen	2019,7194,2332
rumen	2019,7193,793
biome	2019,7187,1612
feint	2019,7147,4787
suede	2019,7147,4698
gable	2019,7142,3449
woven	2019,7122,4984
steep	2019,7104,5114
slick	2019,7091,4891
bayou	2019,7087,1679
halos	2019,7067,3356
larks	2019,7052,4186
fides	2019,7040,3023
cusps	2019,7022,1257
knell	2019,7015,5422
obese	2019,7000,3029
sukuk	2019,6995,134
dicta	2019,6993,3036
sleds	2019,6980,2790
lathe	2019,6977,2618
bevel	2019,6943,1425
scabs	2019,6941,4456
musty	2019,6930,5874
oases	2019,6882,3399
heist	2019,6845,3132
imams	2019,6841,1888
thrum	2019,6841,4594
coves	2019,6836,3241
tacks	2019,6836,4398
haves	2019,6820,4719
manse	2019,6810,1600
jolts	2019,6804,5106
coupe	2019,6778,2647
gnats	2019,6776,4286
phyla	2019,6776,1559
panty	2019,6771,2916
motes	2019,6765,4679
stubs	2019,6765,4129
todos	2019,6763,1180
prion	2019,6750,1033
fasts	2019,6718,3552
skein	2019,6716,4139
durch	2019,6686,2917
scone	2019,6678,2973
gruff	2019,6675,5440
mogul	2019,6673,4198
donee	2019,6666,606
morph	2019,6654,2907
surer	2019,6648,5597
waxes	2019,6636,3195
tabby	2019,6635,3208
prays	2019,6620,4666
offal	2019,6613,3908
dirge	2019,6602,4610
agora	2019,6595,1747
manes	2019,6584,4499
satyr	2019,6578,2721
hater	2019,6572,4670
wands	2019,6539,3421
ditty	2019,6535,4671
dolly	2019,6528,2644
pimps	2019,6518,3320
louis	2019,6515,1241
caper	2019,6509,4124
clogs	2019,6502,3918
verso	2019,6482,1655
dries	2019,6460,4552
cubit	2019,6458,1864
haiku	2019,6458,1785
recon	2019,6444,2794
thuds	2019,6443,4726
kefir	2019,6440,882
welts	2019,6439,4360
flier	2019,6436,2931
clods	2019,6434,4348
hymen	2019,6433,1946
vanes	2019,6417,1854
lures	2019,6415,3688
aphid	2019,6380,889
agate	2019,6366,3238
coder	2019,6352,1891
monad	2019,6336,1483
topaz	2019,6324,3548
snore	2019,6319,4971
chums	2019,6315,3974
smart	2019,6305,5158
beret	2019,6295,3500
ephod	2019,6285,705
flail	2019,6280,2712
curds	2019,6273,2690
champ	2019,6252,3871
sward	2019,6248,3289
scamp	2019,6247,3591
snuck	2019,6238,5230
skier	2019,6220,2651
jeeps	2019,6212,2678
loess	2019,6209,1089
plait	2019,6203,3426
paddy	2019,6200,2079
curbs	2019,6199,4698
banya	2019,6198,152
stirs	2019,6198,4771
windy	2019,6194,5072
recur	2019,6185,4771
recap	2019,6180,4382
butyl	2019,6176,1831
guava	2019,6172,2514
reams	2019,6145,4811
https	2019,6144,2428
polka	2019,6132,3974
grubs	2019,6128,2906
fakes	2019,6125,3547
billy	2019,6113,3234
atoll	2019,6111,1638
kraal	2019,6104,744
serge	2019,6104,3486
satan	2019,6100,1081
bossy	2019,6095,4552
brews	2019,6085,2730
sigil	2019,6073,1284
fatwa	2019,6064,1461
autos	2019,6039,3071
nerds	2019,6031,3763
blots	2019,6014,3958
yawns	2019,6005,4773
femme	2019,5994,2930
chard	2019,5975,1740
prana	2019,5972,952
rebar	2019,5969,1527
patty	2019,5966,2913
niger	2019,5961,1562
grail	2019,5957,4175
drown	2019,5955,5155
scree	2019,5950,2221
socio	2019,5944,3936
omnes	2019,5923,2136
borer	2019,5917,1343
larch	2019,5910,2305
stray	2019,5901,4494
whorl	2019,5885,1908
spiel	2019,5881,4624
prowl	2019,5857,4900
dence	2019,5843,2423
gipsy	2019,5833,1868
sheik	2019,5833,1071
clack	2019,5816,4245
sutra	2019,5805,1168
glyph	2019,5791,1163
otros	2019,5789,1011
mitts	2019,5786,3318
baser	2019,5773,4589
swims	2019,5757,4083
crier	2019,5755,3592
beady	2019,5748,4510
binds	2019,5747,3356
psoas	2019,5744,747
itchy	2019,5742,4475
curia	2019,5741,1195
warms	2019,5733,4306
stomp	2019,5720,4171
plump	2019,5718,4726
humid	2019,5715,4337
pixie	2019,5711,2431
brash	2019,5706,4862
crape	2019,5701,2892
corks	2019,5700,3767
croup	2019,5693,2292
jerky	2019,5687,3206
rivet	2019,5686,1973
bella	2019,5680,1767
carat	2019,5676,3337
gross	2019,5673,3793
slams	2019,5666,3745
scrip	2019,5663,2255
sills	2019,5661,3454
ember	2019,5657,3893
pager	2019,5653,2525
phial	2019,5647,2426
tulle	2019,5642,3240
sedge	2019,5619,2357
lobar	2019,5597,1210
canto	2019,5596,1858
thunk	2019,5585,3993
sower	2019,5578,2662
tance	2019,5575,2365
twine	2019,5571,3588
shits	2019,5567,3845
samba	2019,5554,1124
copra	2019,5514,969
droid	2019,5512,523
monte	2019,5495,1901
colts	2019,5493,2648
verve	2019,5488,4387
voles	2019,5482,1471
exome	2019,5471,866
fovea	2019,5463,987
ovals	2019,5449,3210
lence	2019,5435,977
llama	2019,5434,2102
gayly	2019,5427,2588
dawns	2019,5406,4336
cecum	2019,5402,936
shuts	2019,5399,4223
equiv	2019,5393,453
musky	2019,5391,3615
roach	2019,5391,2765
idler	2019,5387,3001
perse	2019,5366,3107
bathe	2019,5358,4267
floes	2019,5352,1800
stags	2019,5352,3024
sissy	2019,5346,2431
selfe	2019,5343,867
djinn	2019,5328,541
homer	2019,5324,983
clunk	2019,5320,3763
prude	2019,5318,3919
dupes	2019,5308,3638
plows	2019,5305,3225
bigot	2019,5280,3704
telly	2019,5279,2471
quads	2019,5277,1990
filly	2019,5271,1922
tiene	2019,5270,883
geeks	2019,5256,3332
ogres	2019,5248,1927
recto	2019,5246,1190
hippo	2019,5231,1951
amide	2019,5227,1627
daisy	2019,5227,3300
revue	2019,5226,1953
alder	2019,5219,2569
brawn	2019,5208,4042
blanc	2019,5201,2270
xenon	2019,5201,1699
blurb	2019,5195,2964
jowls	2019,5194,3623
downe	2019,5190,1113
mance	2019,5179,1278
dimes	2019,5176,3171
auger	2019,5175,1833
scram	2019,5172,2696
snipe	2019,5164,2439
laozi	2019,5161,1358
sooty	2019,5154,3750
claps	2019,5150,4028
cribs	2019,5145,3007
hydra	2019,5138,2655
hoots	2019,5132,4022
dowel	2019,5117,1349
bobby	2019,5115,3141
rants	2019,5112,4190
cinch	2019,5108,3123
cuppa	2019,5106,2581
futon	2019,5101,2064
toull	2018,5101,64
fiefs	2019,5096,1423
belli	2019,5088,2371
fixed	2019,5080,3399
husky	2019,5059,3683
teeny	2019,5056,3661
ation	2019,5050,3148
nicht	2019,5046,1531
pasty	2019,5040,3404
bakes	2019,5036,3547
sions	2019,5029,2994
cette	2019,5021,1557
lamas	2019,5020,791
baits	2019,5015,1887
prune	2019,5014,3167
butch	2019,5012,1513
junks	2019,5008,1361
holly	2019,5007,2848
civil	2019,5001,2823
wight	2019,4999,1996
gongs	2019,4997,2891
hilum	2019,4994,815
vajra	2019,4993,325
ruble	2019,4989,1349
pupae	2019,4988,997
safes	2019,4986,2892
spina	2019,4981,1345
sumac	2019,4965,1698
tares	2019,4961,2075
hussy	2019,4952,3094
vales	2019,4952,2969
poore	2019,4944,1060
gulch	2019,4937,1519
droit	2019,4919,1625
modus	2019,4918,3596
odium	2019,4917,3244
peter	2019,4908,2660
duets	2019,4906,2618
gwine	2019,4906,773
large	2019,4882,4393
lidar	2019,4882,647
missy	2019,4877,2666
vivos	2019,4875,588
jocks	2019,4873,2800
farts	2019,4858,3217
greys	2019,4846,3119
parse	2019,4846,1118
glens	2019,4830,2601
pater	2019,4827,2268
trawl	2019,4825,1456
milks	2019,4820,1566
terns	2019,4815,1894
hulks	2019,4812,2741
payor	2019,4812,476
inlay	2019,4769,2226
mocha	2019,4766,2902
raphe	2019,4766,915
fucks	2019,4754,2986
reals	2019,4751,1498
dunce	2019,4749,3122
remix	2019,4749,1703
gecko	2019,4748,1528
firma	2019,4742,3211
goeth	2019,4742,2014
goner	2019,4722,3700
allyl	2019,4719,848
briar	2019,4710,2975
misty	2019,4704,4124
stave	2019,4702,2188
bream	2019,4701,1715
stiff	2019,4698,3937
sixes	2019,4697,2697
treks	2019,4694,2422
skips	2019,4681,3378
tekke	2019,4674,97
amour	2019,4663,2855
mufti	2019,4663,1482
skids	2019,4654,3202
trice	2019,4654,3006
paean	2019,4648,3427
teats	2019,4648,2184
nudes	2019,4636,2292
udder	2019,4634,1992
imago	2019,4632,1353
betel	2019,4630,1576
peeps	2019,4620,3233
pings	2019,4620,2862
rakes	2019,4605,3331
vires	2019,4604,1314
kebab	2019,4592,2402
mecca	2019,4592,3289
seine	2019,4584,1738
agave	2019,4579,1343
juris	2019,4574,1480
gulfs	2019,4570,2829
quick	2019,4564,4004
burrs	2019,4547,2568
teres	2019,4538,677
wiper	2019,4538,2638
typos	2019,4531,3129
yamen	2019,4530,689
pubis	2019,4526,1492
blare	2019,4522,3771
jiffy	2019,4520,3438
tines	2019,4516,2590
humps	2019,4515,2953
yogis	2019,4512,1406
arias	2019,4496,1770
sires	2019,4494,2190
flume	2019,4488,1095
dusts	2019,4486,1613
xxxii	2019,4465,1899
sinew	2019,4464,3422
bores	2019,4455,2650
massa	2019,4449,986
filet	2019,4447,2776
hutch	2019,4437,2225
kudos	2019,4430,3647
savor	2019,4423,2898
henna	2019,4413,2065
covet	2019,4410,3379
talon	2019,4406,2279
affix	2019,4401,920
ulnar	2019,4398,691
ulema	2019,4385,512
shalt	2019,4384,1991
nisin	2019,4377,337
scape	2019,4363,2298
purty	2019,4349,1337
blurs	2019,4338,3536
hukou	2019,4337,459
buffs	2019,4315,2627
twirl	2019,4312,3642
dayes	2019,4311,1010
algal	2019,4309,1110
young	2019,4309,3507
ready	2019,4299,3847
pylon	2019,4298,1446
peons	2019,4289,1484
imine	2019,4286,786
titan	2019,4284,2260
sotto	2019,4281,3087
tripe	2019,4281,2336
chert	2019,4277,696
nomos	2019,4277,1303
tures	2019,4276,2427
ortho	2019,4275,1011
baize	2019,4273,2635
sulci	2019,4252,991
entre	2019,4251,2097
diene	2019,4249,749
snags	2019,4238,2854
wombs	2019,4238,2776
aeons	2019,4232,2128
boner	2019,4231,2135
beaux	2019,4226,2504
gumbo	2019,4224,1492
fawns	2019,4223,2242
cruzi	2019,4218,690
terry	2019,4217,2585
dente	2019,4211,1358
rayon	2019,4208,1771
scaly	2019,4208,2355
tinea	2019,4197,608
frill	2019,4194,2708
sonny	2019,4192,2099
erase	2019,4181,2673
rills	2019,4177,2339
hunks	2019,4170,3289
promo	2019,4170,2099
topoi	2019,4169,1562
posit	2019,4159,3176
corns	2019,4158,2291
swain	2019,4147,2462
menos	2019,4143,763
whirr	2019,4141,3153
henry	2019,4138,878
toner	2019,4131,1052
octet	2019,4112,812
lyase	2019,4097,1020
tarry	2019,4095,2805
ovule	2019,4092,682
mundi	2019,4086,1912
riffs	2019,4072,2167
khaki	2019,4060,2431
mitre	2019,4057,2147
ching	2019,4052,1414
jedli	2018,4047,444
spoof	2019,4046,2145
torah	2019,4040,505
durum	2019,4039,894
ilium	2019,4036,708
pinna	2019,4035,984
rowdy	2019,4026,3562
genii	2019,4014,2075
avium	2019,4011,1058
allen	2019,4010,1445
async	2019,4005,331
booby	2019,4001,2637
toddy	2019,3999,1948
pasha	2019,3996,1071
domus	2019,3991,930
omnia	2019,3989,1420
whelp	2019,3988,2432
bless	2019,3981,2820
drake	2019,3981,1207
igloo	2019,3978,1454
bogie	2019,3975,683
chews	2019,3973,2813
makin	2019,3973,2260
tarps	2019,3969,2425
plebs	2019,3966,1364
coops	2019,3952,2143
druid	2019,3944,757
caddy	2019,3932,1615
banns	2019,3931,1995
weirs	2019,3925,1452
maner	2019,3917,799
whoso	2019,3916,1688
lexis	2019,3915,1006
stabs	2019,3913,3322
grimy	2019,3912,3431
gegen	2019,3911,1560
halts	2019,3908,2835
sella	2019,3904,654
qualm	2019,3902,3072
parol	2019,3896,384
ville	2019,3887,1579
furze	2019,3880,1776
bushy	2019,3879,2629
mundo	2019,3875,1446
seeps	2019,3868,2246
nappy	2019,3865,1537
causa	2019,3857,1687
nares	2019,3854,1169
rawle	2018,3852,68
bilge	2019,3847,1829
napus	2019,3843,663
lavas	2019,3842,583
wicks	2019,3841,2630
jumbo	2019,3840,3074
skits	2019,3840,2446
deism	2019,3838,1408
fords	2019,3833,1949
benzo	2019,3830,842
pince	2019,3830,1886
golds	2019,3828,2609
tepee	2019,3828,1143
gonad	2019,3825,709
azide	2019,3817,1102
plasm	2019,3812,794
shite	2019,3803,1425
arter	2019,3800,1140
nella	2019,3799,1476
squat	2019,3784,1731
ovale	2019,3780,1088
bello	2019,3772,831
bland	2019,3772,3187
magus	2019,3769,892
rosea	2019,3767,1044
regia	2019,3765,1413
diced	2019,3762,1545
eosin	2019,3758,1168
vamps	2019,3757,751
betas	2019,3755,842
vagal	2019,3751,1004
oikos	2019,3749,971
fells	2019,3748,1098
stoic	2019,3743,3226
mimeo	2019,3742,1260
hulle	2019,3735,111
mutes	2019,3730,2013
galls	2019,3720,1291
comte	2019,3718,372
cynic	2019,3717,3162
sepia	2019,3702,2880
soule	2019,3697,859
pooch	2019,3692,1847
cress	2019,3687,1766
fiows	2019,3668,364
aloes	2019,3666,2016
bogey	2019,3664,1823
saris	2019,3663,1646
sonne	2019,3662,886
koala	2019,3651,1284
chimp	2019,3650,1366
yearn	2019,3648,3248
cocci	2019,3636,1112
crony	2019,3634,2398
dacha	2019,3631,888
canis	2019,3630,752
pulps	2019,3628,980
drier	2019,3627,2418
terse	2019,3623,3272
chien	2019,3619,1243
zooms	2019,3613,2603
chump	2019,3601,2569
peony	2019,3596,1735
burro	2019,3594,1110
quips	2019,3588,3041
ephah	2019,3586,374
fills	2019,3583,1819
plies	2019,3582,1101
ceria	2019,3577,325
porno	2019,3570,1920
optic	2019,3568,1933
kraft	2019,3558,883
forme	2019,3553,1371
avers	2019,3542,2253
stupa	2019,3538,743
bailm	2018,3534,62
mange	2019,3528,1352
leach	2019,3527,1037
curio	2019,3526,2117
sence	2019,3522,1505
krill	2019,3518,870
ploys	2019,3514,2825
frond	2019,3512,1649
mezzo	2019,3511,1354
urate	2019,3508,772
finch	2019,3506,1453
amaze	2019,3504,2126
yucca	2019,3503,1532
varus	2019,3498,337
yelps	2019,3495,2835
cluck	2019,3490,2076
lofts	2019,3490,2245
rajah	2019,3486,696
pinot	2019,3477,1391
poesy	2019,3475,1910
booke	2019,3464,817
lairs	2019,3458,2362
homey	2019,3456,2796
stria	2019,3456,518
harpy	2019,3455,1671
astir	2019,3454,2634
gripe	2019,3451,2637
broil	2019,3439,1718
armes	2019,3438,1147
dings	2019,3437,2314
flits	2019,3437,2489
stela	2019,3432,542
dizzy	2019,3425,2773
colic	2019,3423,1212
lapis	2019,3423,1937
axils	2019,3416,415
batik	2019,3415,949
joist	2019,3408,896
ruder	2019,3407,2642
atman	2019,3401,523
param	2019,3395,890
avery	2019,3393,2121
rerun	2019,3393,2703
nicks	2019,3388,2491
afore	2019,3384,1977
chewy	2019,3381,2094
segue	2019,3377,2391
scala	2019,3371,619
spats	2019,3367,2615
johns	2019,3363,2013
fader	2019,3361,631
yokes	2019,3355,2102
mutex	2019,3354,189
snobs	2019,3346,2692
livre	2019,3345,1472
rouse	2019,3344,2753
quire	2019,3340,1295
borax	2019,3339,1209
moats	2019,3338,2145
panko	2019,3334,658
pinky	2019,3331,2438
maris	2019,3322,237
pansy	2019,3322,2186
uvula	2019,3322,1138
fonds	2019,3321,546
sprue	2019,3318,570
jibes	2019,3317,2884
radix	2019,3315,737
ergot	2019,3314,948
devas	2019,3313,730
sherd	2019,3300,398
asana	2019,3296,547
tress	2019,3294,2389
kinde	2019,3293,725
rajas	2019,3290,684
truer	2019,3289,2953
bovis	2019,3288,799
sarin	2019,3283,858
babel	2019,3280,2358
sluts	2019,3279,2256
nodal	2019,3273,1268
taiga	2019,3273,874
tipsy	2019,3273,2837
belch	2019,3270,2627
spook	2019,3259,1674
umber	2019,3258,1843
sebum	2019,3257,779
crick	2019,3240,2196
repos	2019,3239,733
bromo	2019,3238,922
parti	2019,3235,2143
hanky	2019,3228,1771
gouge	2019,3225,1744
weeps	2019,3222,2580
doula	2019,3209,641
dales	2019,3208,1978
retro	2019,3202,2296
jerry	2019,3195,2165
calms	2019,3189,2100
rubra	2019,3184,981
synth	2019,3182,776
align	2019,3178,2650
sacra	2019,3178,1158
emcee	2019,3175,1439
casei	2019,3167,565
typhi	2019,3165,1041
decaf	2019,3164,1997
poset	2019,3164,202
modal	2019,3159,1128
verde	2019,3159,1375
juicy	2019,3157,2170
rosin	2019,3157,1157
gunny	2019,3145,1595
randy	2019,3144,2269
homme	2019,3138,1746
haben	2019,3133,844
tuner	2019,3129,1452
newts	2019,3124,1054
fleta	2018,3123,63
psych	2019,3108,1695
biped	2019,3107,1552
igure	2019,3106,123
leurs	2019,3104,1186
bulla	2019,3101,808
veces	2019,3099,486
gator	2019,3095,1075
aldol	2019,3091,364
nidus	2019,3090,850
reeks	2019,3090,2707
veldt	2019,3090,767
terug	2019,3085,127
shams	2019,3081,2176
slurp	2019,3081,2404
qilin	2019,3071,365
meson	2019,3065,375
noire	2019,3051,2008
waifs	2019,3050,2261
