people	2019,16890986,226287
system	2019,7926256,201513
number	2019,7030818,210247
family	2019,6559591,204887
person	2019,5991479,207190
course	2019,5494134,209485
moment	2019,5420129,193706
mother	2019,4965881,169921
father	2019,4938569,162754
school	2019,4339168,176518
matter	2019,4129301,205381
nature	2019,3911485,195356
health	2019,3840500,161178
energy	2019,3735843,166266
change	2019,3720898,198534
reason	2019,3628269,205886
effect	2019,3547177,183374
period	2019,3455683,174464
action	2019,3318228,185343
policy	2019,3164985,108427
ground	2019,3128068,194951
result	2019,3030010,181114
friend	2019,3014106,174070
method	2019,2906119,143227
market	2019,2869727,137722
theory	2019,2840466,136527
growth	2019,2611824,134555
design	2019,2446527,147387
office	2019,2419823,159508
amount	2019,2196705,179831
anyone	2019,2174674,167056
future	2019,2116975,184932
source	2019,2096516,170976
impact	2019,2049379,137544
church	2019,2027329,109262
letter	2019,1970888,142236
window	2019,1942646,153971
answer	2019,1911469,180780
breath	2019,1907542,132130
choice	2019,1905054,188071
chance	2019,1890506,182781
police	2019,1842556,107935
region	2019,1800736,119175
memory	2019,1800617,161630
manner	2019,1780701,171671
sister	2019,1770381,128174
object	2019,1723478,135922
weight	2019,1706861,171778
figure	2019,1701644,166568
degree	2019,1666263,162678
living	2019,1656801,183122
report	2019,1647893,143560
spirit	2019,1639168,145125
length	2019,1637311,163789
author	2019,1621506,187294
couple	2019,1593677,154843
member	2019,1526791,161403
effort	2019,1518224,180274
volume	2019,1517489,134064
income	2019,1485183,92615
street	2019,1441163,141008
return	2019,1437026,166973
factor	2019,1430436,115944
extent	2019,1428198,144927
review	2019,1427274,117708
desire	2019,1395474,157639
center	2019,1387782,131188
safety	2019,1381736,150496
speech	2019,1374025,131891
corner	2019,1341894,146973
sample	2019,1284160,85108
master	2019,1278013,138286
nation	2019,1264218,104199
summer	2019,1258239,143614
vision	2019,1231132,149471
dinner	2019,1230576,121989
battle	2019,1222721,128642
attack	2019,1211788,132460
animal	2019,1207523,131523
charge	2019,1204816,157156
cancer	2019,1190112,63386
middle	2019,1177708,174536
coffee	2019,1165456,110585
doctor	2019,1158265,115642
gender	2019,1134180,70140
search	2019,1112856,155840
motion	2019,1105901,128052
target	2019,1103589,115823
leader	2019,1087116,120869
career	2019,1064717,130138
demand	2019,1062967,120789
sector	2019,1053649,58338
supply	2019,1051884,113767
record	2019,1049579,158065
public	2019,1033493,133462
beauty	2019,1020979,129256
output	2019,1013461,60311
belief	2019,993598,130551
minute	2019,989566,139033
forest	2019,979821,94006
tongue	2019,969113,115185
regard	2019,966947,126728
throat	2019,964554,101186
detail	2019,958259,157577
danger	2019,957586,146195
damage	2019,951593,126514
bottom	2019,944324,156054
credit	2019,937506,122440
client	2019,937345,59861
finger	2019,926734,118999
notion	2019,920617,107267
garden	2019,910576,107975
relief	2019,906556,137789
device	2019,880670,97264
option	2019,877410,121638
island	2019,876966,89535
spring	2019,875488,132101
tissue	2019,863637,56679
signal	2019,860575,98439
screen	2019,860017,107940
advice	2019,859767,159484
aspect	2019,858446,131240
threat	2019,858263,122628
winter	2019,854432,119050
injury	2019,850469,90732
agency	2019,847517,86197
carbon	2019,838939,42739
matrix	2019,829706,41798
heaven	2019,828878,96077
season	2019,818008,108407
origin	2019,810119,111506
wealth	2019,802217,119207
domain	2019,800017,84158
fellow	2019,797139,117090
prison	2019,784834,96586
circle	2019,773745,139891
pocket	2019,771176,108328
reader	2019,769307,115519
survey	2019,762576,83474
making	2019,749327,119383
height	2019,734823,130051
labour	2019,730678,52996
muscle	2019,718899,72621
flight	2019,710268,114437
centre	2019,708089,78409
driver	2019,705087,107355
silver	2019,692751,105426
prayer	2019,686739,83618
wisdom	2019,686022,109163
estate	2019,679696,85319
breast	2019,679248,81274
scheme	2019,674516,105739
latter	2019,659704,110327
regime	2019,658746,56775
debate	2019,657262,92385
writer	2019,652358,100959
stream	2019,649457,120859
murder	2019,648054,85777
bridge	2019,645641,110094
bottle	2019,637499,98339
second	2019,619481,145074
parent	2019,615013,95127
glance	2019,613483,108858
border	2019,608475,85829
shadow	2019,603128,113134
reform	2019,602357,53891
oxygen	2019,592508,52500
notice	2019,592498,115533
camera	2019,585290,72834
profit	2019,584344,85702
victim	2019,582889,97461
entity	2019,582101,66641
mirror	2019,579752,109230
temple	2019,572467,68098
artist	2019,563503,82521
column	2019,562817,79631
engine	2019,560034,86672
phrase	2019,559148,104656
poetry	2019,555499,63301
medium	2019,553673,85237
virtue	2019,547589,83656
palace	2019,547022,50998
travel	2019,546948,108040
branch	2019,545236,108861
secret	2019,540029,116037
burden	2019,539895,116933
vector	2019,534916,23918
priest	2019,527591,58602
decade	2019,525618,99758
colour	2019,523606,61841
budget	2019,514453,66505
player	2019,513773,75683
lesson	2019,509587,110909
square	2019,505983,103343
intent	2019,505658,110873
nobody	2019,475410,96399
appeal	2019,471657,92359
strain	2019,470345,78632
weapon	2019,467689,84558
vessel	2019,467234,62976
planet	2019,460056,70915
worker	2019,458481,81229
lawyer	2019,457222,69056
wonder	2019,455361,112729
button	2019,453485,74546
valley	2019,450065,65047
prince	2019,442345,46996
sphere	2019,437289,73057
trauma	2019,433796,48980
behalf	2019,426033,99087
equity	2019,425545,34655
editor	2019,423403,89155
flower	2019,423352,84272
cousin	2019,420821,70624
string	2019,419863,88140
plenty	2019,416491,114282
powder	2019,415329,63918
stroke	2019,415104,81563
symbol	2019,406667,87794
terror	2019,399550,85304
horror	2019,398707,88552
butter	2019,395206,59551
inside	2019,390799,111316
online	2019,387343,73431
agenda	2019,384431,68593
cattle	2019,383806,57261
praise	2019,382696,87425
empire	2019,379081,53960
expert	2019,378767,89954
affair	2019,378718,84896
cheese	2019,377912,61231
jacket	2019,376102,70385
tender	2019,373069,80319
castle	2019,368237,44251
county	2019,366464,50378
desert	2019,365146,68861
talent	2019,364781,81351
ritual	2019,364352,57803
mining	2019,364072,44783
reward	2019,358509,88327
warmth	2019,354984,88192
shower	2019,354174,73073
plasma	2019,346306,15977
female	2019,344534,73546
liquid	2019,343475,63909
fabric	2019,342416,79034
throne	2019,342049,51169
treaty	2019,341982,31691
format	2019,340604,57359
cotton	2019,339594,67875
dragon	2019,338763,32335
dining	2019,338112,70165
clause	2019,335266,33133
infant	2019,331703,59018
custom	2019,328373,78258
favour	2019,328333,57537
escape	2019,327669,93369
museum	2019,326606,45832
honour	2019,320986,45226
spread	2019,318847,90762
pepper	2019,315967,33492
repair	2019,311199,60052
copper	2019,310302,53595
artery	2019,299189,19104
sorrow	2019,298506,68787
tunnel	2019,296752,48897
rhythm	2019,295899,66510
sensor	2019,293364,17942
filter	2019,288852,36652
needle	2019,286259,57716
server	2019,283190,22679
margin	2019,281139,53115
timing	2019,280027,76464
hatred	2019,279549,70291
hunger	2019,279285,79957
strike	2019,278480,55538
studio	2019,277763,41553
breeze	2019,272910,72780
excuse	2019,272316,90982
thread	2019,270831,78879
combat	2019,267792,52523
temper	2019,265975,71960
intake	2019,263379,34975
gospel	2019,261958,28799
script	2019,260703,49861
export	2019,259510,30597
farmer	2019,259126,56305
defeat	2019,256200,68929
arrest	2019,255786,53395
import	2019,255402,45761
basket	2019,254037,66592
legacy	2019,253146,69739
killer	2019,252284,48339
supper	2019,249893,47463
module	2019,249671,20375
breach	2019,247752,45479
colony	2019,247715,40889
stance	2019,246060,66018
enzyme	2019,245387,11395
dollar	2019,243549,55644
poison	2019,243458,61755
luxury	2019,243076,78944
racism	2019,237172,28629
ticket	2019,235330,62811
fusion	2019,235058,34559
statue	2019,234715,53085
autumn	2019,232164,61311
sodium	2019,231688,17925
rubber	2019,231297,57210
eating	2019,230329,66277
salary	2019,229462,56298
handle	2019,228068,70918
kidney	2019,227600,24705
misery	2019,226967,68786
marble	2019,224200,54617
patent	2019,222370,34503
marine	2019,221995,28755
rescue	2019,221456,69777
bullet	2019,220301,55676
switch	2019,217823,60417
denial	2019,216034,64711
ladder	2019,213514,62682
motive	2019,212344,62770
shield	2019,211354,51679
garlic	2019,211044,21932
spouse	2019,210142,36027
collar	2019,209682,61088
cortex	2019,208050,13076
binary	2019,207548,31410
recipe	2019,205017,42191
pillow	2019,204420,61718
accent	2019,203675,59201
defect	2019,200168,34045
remark	2019,200153,64052
refuge	2019,199708,63753
garage	2019,196183,42489
vacuum	2019,195692,52032
cavity	2019,195508,24542
rating	2019,194957,32704
clinic	2019,194791,33763
marker	2019,194656,45319
closet	2019,194433,51739
corpse	2019,194404,44015
carpet	2019,193532,62100
purity	2019,192077,54955
candle	2019,191506,50994
bodily	2019,191420,46968
bishop	2019,190947,22634
esteem	2019,190879,55582
manual	2019,190168,55245
legend	2019,189515,55978
voting	2019,189072,29306
toilet	2019,188106,53823
regret	2019,187120,68639
cinema	2019,186188,23015
saddle	2019,183243,32230
voyage	2019,182319,38853
pistol	2019,178966,32055
knight	2019,178714,27266
seller	2019,178589,27461
timber	2019,176840,34296
thrust	2019,174156,55578
lesion	2019,173890,7971
flavor	2019,172915,36337
gossip	2019,172600,55488
sleeve	2019,172205,55882
resort	2019,171134,56460
bundle	2019,170931,53677
burial	2019,168393,42994
drawer	2019,167767,49957
ruling	2019,167399,39936
makeup	2019,166993,49649
bubble	2019,165572,53127
nephew	2019,164761,43784
summit	2019,164267,38154
genome	2019,163982,9793
cement	2019,163352,34201
barrel	2019,162707,47510
pencil	2019,162642,55015
packet	2019,161736,36557
chapel	2019,161178,29313
potato	2019,160056,39092
laptop	2019,159055,35771
update	2019,158877,39141
remedy	2019,158863,43525
bucket	2019,158686,50614
parish	2019,158024,25209
subset	2019,157425,29788
holder	2019,157074,42023
critic	2019,156229,41482
scream	2019,155971,51698
layout	2019,154865,39301
comedy	2019,154342,34497
league	2019,153940,37698
anchor	2019,153382,44725
deputy	2019,153238,32043
asylum	2019,152967,26274
hunter	2019,152782,38265
singer	2019,152651,37606
sketch	2019,151943,44468
capita	2019,151746,19465
behind	2019,151672,59679
uptake	2019,151610,16939
cohort	2019,150734,23525
hazard	2019,150253,33076
waiter	2019,150089,33471
folder	2019,148548,26121
simple	2019,148095,75880
taking	2019,147893,57157
insect	2019,147626,31681
sunset	2019,146261,52863
rabbit	2019,145762,43181
pastor	2019,144577,25289
baking	2019,142303,23141
buffer	2019,140168,26732
orgasm	2019,140119,15740
liquor	2019,139219,41000
clergy	2019,137555,24987
mentor	2019,137436,43149
jungle	2019,135983,32641
launch	2019,135867,35210
hammer	2019,134501,46353
tablet	2019,133259,33292
plague	2019,133186,34967
bronze	2019,133032,34622
decree	2019,132601,30708
puzzle	2019,131520,55116
marrow	2019,131494,21298
winner	2019,130925,50941
helmet	2019,130911,33508
outfit	2019,130557,45882
broker	2019,130160,19764
asthma	2019,130118,15076
pillar	2019,128078,44381
accord	2019,127453,53493
guitar	2019,127438,23997
gravel	2019,127372,38654
outset	2019,127227,48631
velvet	2019,126848,41244
debtor	2019,125729,10368
repeat	2019,125294,48616
harbor	2019,125244,29014
sermon	2019,124827,29965
strand	2019,124542,43270
racing	2019,122746,42653
airway	2019,122329,6316
orange	2019,121931,47335
pardon	2019,121843,33791
portal	2019,121585,27235
revolt	2019,121483,33687
dealer	2019,121261,30367
tomato	2019,119889,23357
autism	2019,119516,9115
advent	2019,119497,49606
tenure	2019,119458,32939
parade	2019,118847,43248
coffin	2019,118566,33948
tenant	2019,118434,21911
fridge	2019,118300,30372
outlet	2019,117665,41709
nausea	2019,116492,29322
dagger	2019,116389,25109
caring	2019,116184,46379
filing	2019,116160,20836
divide	2019,116007,42123
hiding	2019,115984,51563
biopsy	2019,115886,6418
patron	2019,114092,34738
nipple	2019,112624,16792
vanity	2019,112609,39223
monkey	2019,112388,34385
virgin	2019,112177,34814
kernel	2019,111594,19130
salmon	2019,111319,24042
insult	2019,110690,51212
lounge	2019,110562,31792
purple	2019,110482,46154
firing	2019,110382,32560
ending	2019,109637,50776
finish	2019,108583,39409
patrol	2019,108538,26297
sailor	2019,108473,28408
ginger	2019,107594,22781
ribbon	2019,106590,38438
cannon	2019,106585,28042
viewer	2019,106048,20481
syntax	2019,105828,16284
wallet	2019,105268,36044
famine	2019,105252,30186
merger	2019,105246,16808
cruise	2019,105047,25355
distal	2019,104795,7159
cellar	2019,104611,28258
humour	2019,103903,29188
rocket	2019,102432,27069
soccer	2019,102081,25018
pseudo	2019,101794,27832
morrow	2019,101383,23735
thirst	2019,101290,46128
thrill	2019,100718,45761
picnic	2019,100493,33007
yellow	2019,100264,42098
convex	2019,99914,12457
backup	2019,99592,29839
saving	2019,99578,41624
melody	2019,99314,29701
climax	2019,98439,37032
spiral	2019,98117,40556
pledge	2019,97764,36610
spider	2019,97082,32063
poster	2019,97024,36686
parcel	2019,96695,37837
double	2019,96379,44181
shrine	2019,94883,24321
keeper	2019,94300,34114
mantle	2019,94093,31181
kinase	2019,93692,4739
permit	2019,93519,25151
nuclei	2019,93153,10308
stigma	2019,93115,23858
embryo	2019,92606,13974
banner	2019,92292,37956
hybrid	2019,91952,28383
avenue	2019,91580,40983
demise	2019,91216,42140
blouse	2019,90658,27275
dismay	2019,90367,42968
vendor	2019,90344,20883
acting	2019,89956,40934
strife	2019,88038,35095
shiver	2019,87446,34546
starch	2019,86857,11832
maiden	2019,86824,20985
meadow	2019,86794,25582
parlor	2019,86369,21415
dancer	2019,86135,26743
schema	2019,85843,15878
silica	2019,85455,7641
single	2019,84921,44898
dosage	2019,84632,12993
brandy	2019,84353,21957
hearth	2019,84144,26065
gaming	2019,83791,19130
sulfur	2019,83221,11868
cowboy	2019,83045,18856
litter	2019,82924,25919
butler	2019,82756,16664
attire	2019,82015,37674
pickup	2019,81794,24276
coward	2019,81565,35072
unrest	2019,80774,32280
escort	2019,80541,27478
fright	2019,80366,34267
trench	2019,80317,20138
vertex	2019,80292,5864
banana	2019,80199,25244
barley	2019,80159,17812
tendon	2019,80049,6990
bamboo	2019,79448,17913
sheath	2019,79426,20850
dialog	2019,79366,7600
turkey	2019,79126,25913
locker	2019,78914,21982
kettle	2019,78766,28337
neuron	2019,78359,7832
torque	2019,78331,6162
anemia	2019,77679,7311
tactic	2019,77553,35249
saliva	2019,77464,22746
tariff	2019,77310,11581
ascent	2019,77085,28632
unison	2019,77048,37676
runner	2019,76838,28235
plight	2019,76711,37969
armour	2019,76424,17963
pollen	2019,76413,10238
sludge	2019,76384,9247
coding	2019,76282,17952
magnet	2019,76001,25537
stride	2019,75644,36515
pirate	2019,75573,16897
tavern	2019,75469,17881
violet	2019,75344,26077
cradle	2019,75167,36438
streak	2019,74554,36360
roller	2019,74418,27494
saline	2019,74296,11698
murmur	2019,73681,30718
native	2019,73672,29007
trader	2019,73498,18026
recall	2019,73365,22564
donkey	2019,73268,21022
malice	2019,73127,31262
tattoo	2019,72987,21306
whisky	2019,72502,16137
bureau	2019,72206,22188
cookie	2019,71969,21335
memoir	2019,71810,20345
methyl	2019,71770,7551
plaque	2019,71683,19524
psyche	2019,71484,24271
liking	2019,71421,38938
buying	2019,71251,29126
banker	2019,71009,23199
riding	2019,70851,29713
freeze	2019,70676,28380
lender	2019,70675,8336
morale	2019,70534,24781
cereal	2019,70330,22298
sewage	2019,70311,15026
parity	2019,70273,16349
photon	2019,70107,5536
ballet	2019,69998,17328
violin	2019,69635,17904
influx	2019,69605,30845
diesel	2019,69251,13884
ordeal	2019,69120,35153
sinner	2019,69115,21253
vagina	2019,68964,11147
tandem	2019,67876,29506
bearer	2019,67772,29443
napkin	2019,67585,27986
issuer	2019,67319,2797
mucosa	2019,67300,4739
canopy	2019,67188,26650
canyon	2019,67085,11300
strata	2019,66445,20111
scroll	2019,66251,17697
trance	2019,66176,27636
kitten	2019,65842,18518
lining	2019,65758,25231
shrimp	2019,65354,14534
mosque	2019,65189,11507
boxing	2019,65030,19753
mosaic	2019,64996,21309
tyrant	2019,64924,23587
fossil	2019,64901,13040
nickel	2019,64735,14927
galaxy	2019,64446,13948
median	2019,64383,14133
peanut	2019,64361,19804
genera	2019,64227,6902
hockey	2019,64137,13242
frenzy	2019,63723,35393
misuse	2019,63447,24235
milieu	2019,63047,22558
sponge	2019,62830,23598
hollow	2019,62589,29620
manure	2019,62520,14704
homage	2019,62288,28534
grease	2019,62219,27148
ageing	2019,62166,14109
puppet	2019,61651,22626
ballot	2019,61643,14086
tuning	2019,61617,16948
errand	2019,61586,27397
mortar	2019,61258,20336
assent	2019,61149,25137
beggar	2019,61112,21837
pastry	2019,61068,16468
bakery	2019,61017,18256
slogan	2019,60751,27248
midday	2019,60577,29561
saloon	2019,60499,14011
splash	2019,60369,32087
menace	2019,60046,30343
satire	2019,59801,15924
ripple	2019,59698,31403
batter	2019,59676,11246
saying	2019,59336,31482
porter	2019,58965,17080
vortex	2019,58949,15606
stench	2019,58676,26798
tumour	2019,58498,5854
carrot	2019,58399,19648
groove	2019,58344,17229
boiler	2019,58339,13315
tremor	2019,58137,22427
helper	2019,57956,22806
turtle	2019,57870,18109
latent	2019,57702,20446
rubble	2019,57623,22086
cavern	2019,57513,14606
mantra	2019,57239,24516
reflex	2019,57211,17569
novice	2019,57146,23202
heroin	2019,57128,11774
stable	2019,56989,27127
repose	2019,56593,21604
suture	2019,56535,4354
staple	2019,56074,26840
palate	2019,55907,15236
bonnet	2019,55745,17566
throng	2019,55665,24851
bounty	2019,55657,23825
lumber	2019,55621,18690
subway	2019,55527,16834
cherry	2019,55468,23400
quartz	2019,55291,10932
metric	2019,55278,12378
yogurt	2019,55264,10535
ransom	2019,55149,18890
oracle	2019,55079,12434
proton	2019,54992,6437
larvae	2019,54965,5937
fringe	2019,54715,27141
ligand	2019,54383,4140
pulpit	2019,54216,19315
shovel	2019,53832,23162
retina	2019,53682,8553
spleen	2019,53661,11866
ledger	2019,53411,12804
waiver	2019,53378,7719
vapour	2019,53249,11304
parole	2019,53199,11260
rumble	2019,53140,24941
crater	2019,52935,12654
casino	2019,52882,12130
convoy	2019,52809,13032
polity	2019,52780,12931
canine	2019,52656,12702
stitch	2019,52231,11547
sanity	2019,52028,29162
wizard	2019,51851,12301
runoff	2019,51750,7795
pigeon	2019,51486,19752
deceit	2019,51456,24818
zombie	2019,51412,12825
quarry	2019,51353,19038
tangle	2019,51195,28217
thence	2019,51053,17896
willow	2019,50978,19005
occult	2019,50965,13669
martyr	2019,50617,21496
stanza	2019,50567,9329
ravine	2019,50513,14432
tensor	2019,50190,3666
condom	2019,50111,12391
madame	2019,49970,5590
suburb	2019,49765,23986
runway	2019,49634,14162
caller	2019,49064,20424
ambush	2019,49015,19281
healer	2019,48991,14189
nozzle	2019,48932,7821
cation	2019,48767,7746
grudge	2019,48767,23780
payoff	2019,48681,11557
salute	2019,48459,24553
unease	2019,48421,26190
enmity	2019,48410,22267
diving	2019,48247,17891
mating	2019,48006,11237
naming	2019,47925,20103
stroll	2019,47836,25438
trough	2019,47830,19227
celery	2019,47604,8805
tailor	2019,47501,19721
fourth	2019,47454,30761
heresy	2019,47221,14243
felony	2019,47208,9781
trifle	2019,47170,18790
header	2019,47121,8302
rattle	2019,47008,24926
socket	2019,46942,16709
parody	2019,46899,15017
solace	2019,46892,27732
prefix	2019,46729,12020
muzzle	2019,46690,17686
uproar	2019,46637,23033
guinea	2019,46605,15151
madman	2019,46525,21833
sender	2019,46476,12935
vigour	2019,46463,19771
paddle	2019,46262,13396
consul	2019,46163,8572
beacon	2019,46131,23690
iodine	2019,46130,8500
cutter	2019,45811,14652
cooker	2019,45737,8621
sewing	2019,45672,19477
emblem	2019,45661,21083
allele	2019,45493,3509
pierce	2019,45446,26056
scribe	2019,45395,10766
squire	2019,45250,7897
planar	2019,45150,6362
wretch	2019,44998,15439
pantry	2019,44968,18496
facade	2019,44432,17364
hiking	2019,44282,13348
tumult	2019,44225,20175
crotch	2019,44008,14018
shriek	2019,43917,23349
dipole	2019,43898,3699
sultan	2019,43877,4939
atrium	2019,43754,7122
blonde	2019,43716,16875
piston	2019,43561,6762
robber	2019,43403,16440
clutch	2019,43281,17601
trophy	2019,43262,20160
binder	2019,43223,10462
rectal	2019,43212,4366
squash	2019,43144,11382
heater	2019,42977,14151
bomber	2019,42921,9914
nothin	2019,42742,9906
fading	2019,42611,24148
ghetto	2019,42526,9376
piracy	2019,42501,11564
reflux	2019,42327,5573
myriad	2019,42316,26487
naught	2019,42240,17348
yonder	2019,42107,12664
lagoon	2019,41732,8055
burner	2019,41688,17142
lament	2019,41602,18252
flurry	2019,41596,27293
bustle	2019,41357,24428
piping	2019,41318,14027
fascia	2019,40763,2876
inmate	2019,40548,11463
funnel	2019,40499,14271
enamel	2019,40392,9482
filler	2019,40216,7466
glycol	2019,40185,5208
dosing	2019,40097,5066
sequel	2019,40082,18935
barber	2019,39937,15646
puddle	2019,39845,22918
junior	2019,39707,19399
seamen	2019,39687,9506
cutoff	2019,39609,10985
orator	2019,39565,14352
inflow	2019,39474,9885
jargon	2019,39392,22020
pacing	2019,39315,16204
riddle	2019,39307,17605
sexism	2019,39301,11043
utmost	2019,39242,21503
casket	2019,39181,14163
walnut	2019,39167,16600
primer	2019,39040,14329
lizard	2019,38909,12409
doping	2019,38797,3223
midway	2019,38759,24725
gentry	2019,38700,12805
common	2019,38674,27276
rebuke	2019,38571,20718
molten	2019,38347,13915
drying	2019,38201,10043
marvel	2019,38104,23295
zipper	2019,38025,13941
victor	2019,37822,19056
burger	2019,37758,13737
giggle	2019,37708,19989
addict	2019,37669,14545
podium	2019,37632,15742
coping	2019,37500,9438
passim	2019,37309,7648
galley	2019,37064,10758
boring	2019,36965,25447
utopia	2019,36941,11805
senate	2019,36861,7776
quiver	2019,36688,18726
cobalt	2019,36680,9393
buffet	2019,36549,16416
lignin	2019,36323,2383
orphan	2019,36282,18924
cheque	2019,36269,10099
mortal	2019,36198,17111
rumour	2019,36081,15483
hiring	2019,35612,14690
wreath	2019,35612,15636
teller	2019,35522,16711
savior	2019,35517,17999
wiring	2019,35465,13768
nectar	2019,35394,11805
septum	2019,35354,3786
psycho	2019,35349,14597
fodder	2019,35319,17859
gallop	2019,35008,14384
nigger	2019,34834,7610
wanton	2019,34754,17671
suffix	2019,34736,6948
forage	2019,34652,7506
ballad	2019,34584,11567
plough	2019,34537,14834
beetle	2019,34487,10905
typing	2019,34390,14722
parrot	2019,34313,12339
stripe	2019,34306,14007
crunch	2019,34181,19500
rector	2019,34168,8619
cartel	2019,34118,6009
bunker	2019,33823,8807
gutter	2019,33782,17559
racket	2019,33722,17833
bruise	2019,33702,18368
helium	2019,33701,7692
coupon	2019,33546,5000
flying	2019,33441,17653
sentry	2019,33381,11589
analog	2019,33296,10011
ration	2019,33261,13329
fervor	2019,33256,19515
petrol	2019,33243,12099
seeker	2019,33154,14163
detour	2019,33086,20370
mutton	2019,33040,12640
hermit	2019,32971,12095
bridle	2019,32906,12265
marina	2019,32852,5858
beaver	2019,32756,9495
rubric	2019,32675,11923
rectum	2019,32643,5385
plunge	2019,32576,20466
sliver	2019,32570,19286
rascal	2019,32470,13724
skiing	2019,32392,10923
acuity	2019,32338,8323
avatar	2019,32116,8223
hostel	2019,32111,7808
gluten	2019,32101,5144
bandit	2019,32031,9079
parson	2019,32029,7818
rarity	2019,31985,20729
cervix	2019,31881,4268
router	2019,31825,3273
gallon	2019,31803,13601
tackle	2019,31771,13740
bumper	2019,31741,16186
girdle	2019,31496,11043
oyster	2019,31388,12289
livery	2019,31378,11741
hernia	2019,31312,3672
sniper	2019,31299,8097
entire	2019,31128,21796
alumni	2019,30999,9806
bikini	2019,30889,9943
casing	2019,30874,10230
outlaw	2019,30806,9984
rental	2019,30691,12979
stupor	2019,30557,18648
anthem	2019,30420,13870
gamble	2019,30392,18079
spruce	2019,30386,8969
larynx	2019,30347,5760
slurry	2019,30299,5548
saucer	2019,30281,15069
chakra	2019,30011,2261
banter	2019,29987,18996
warden	2019,29926,8951
nodule	2019,29894,3108
pallor	2019,29873,14299
caveat	2019,29779,19272
hamlet	2019,29606,12470
hurdle	2019,29537,18674
dharma	2019,29374,2606
volley	2019,29340,13462
supine	2019,29297,5842
gaiety	2019,29239,12002
lamina	2019,29119,3296
fiddle	2019,29109,13158
rustle	2019,29084,17419
chilli	2019,28985,3301
apathy	2019,28871,17439
walker	2019,28862,12726
clover	2019,28851,9875
potion	2019,28835,10237
retort	2019,28616,17433
sonnet	2019,28572,5848
feeder	2019,28559,9621
renown	2019,28527,14780
almond	2019,28428,10375
relish	2019,28334,16729
solute	2019,28294,3462
cooler	2019,28269,15703
ranger	2019,28128,5913
mutant	2019,28093,4178
outcry	2019,28072,17789
sickle	2019,28002,8822
tubing	2019,27953,6733
murine	2019,27926,3125
stereo	2019,27771,11388
roster	2019,27760,12819
pellet	2019,27680,6816
hearer	2019,27656,7990
repeal	2019,27413,8887
picket	2019,27389,11508
musket	2019,27297,7336
goblet	2019,27175,9497
eyelid	2019,27099,11368
nuance	2019,27086,17555
mutiny	2019,27055,10714
wrench	2019,27048,12907
jumper	2019,27010,10673
libido	2019,26988,9151
incest	2019,26856,8618
sprint	2019,26779,11539
invite	2019,26673,18344
teacup	2019,26593,10954
cursor	2019,26472,5027
smoker	2019,26379,12396
matron	2019,26332,10688
lineup	2019,26321,9057
blight	2019,26305,10888
seaman	2019,26256,7938
troupe	2019,26248,9188
sherry	2019,26149,8035
diaper	2019,26148,8479
crease	2019,26070,11925
racist	2019,26025,11630
tingle	2019,25998,14512
scrape	2019,25889,15570
shroud	2019,25883,13652
bidder	2019,25865,9990
zoning	2019,25865,5341
zenith	2019,25842,14305
mantel	2019,25839,11966
allure	2019,25837,16622
dearth	2019,25836,16920
enough	2019,25833,20869
turret	2019,25828,7514
morsel	2019,25701,15621
rodent	2019,25653,8822
laying	2019,25594,13466
refund	2019,25589,7116
deacon	2019,25554,7078
shaman	2019,25546,4875
hacker	2019,25540,6053
eunuch	2019,25526,5140
millet	2019,25397,5909
cornea	2019,25375,3758
enigma	2019,25365,15648
buckle	2019,25362,13739
whence	2019,25354,13359
tanker	2019,25347,5873
finale	2019,25265,12532
alcove	2019,25057,11845
lessee	2019,25049,2320
mammal	2019,25048,8377
damsel	2019,25023,9260
simmer	2019,25019,4624
twinge	2019,24975,15803
arcade	2019,24955,7962
tracer	2019,24866,4914
suitor	2019,24845,12420
rowing	2019,24827,11796
cocoon	2019,24665,13231
finite	2019,24655,8650
dictum	2019,24595,13460
hangar	2019,24570,5445
veneer	2019,24556,14821
social	2019,24534,13265
deluge	2019,24524,15368
fennel	2019,24437,4597
moiety	2019,24413,4500
valour	2019,24405,8661
thrift	2019,24214,11884
outing	2019,24206,15232
bodice	2019,24179,10312
turban	2019,24171,9391
giving	2019,24160,12478
plural	2019,24159,9643
widget	2019,23983,1654
intern	2019,23973,9847
phenol	2019,23897,4130
mister	2019,23875,10594
visage	2019,23782,12010
nutmeg	2019,23753,5498
polish	2019,23698,15415
malady	2019,23566,12506
laurel	2019,23462,10499
notary	2019,23416,4718
rudder	2019,23330,8587
chrome	2019,23303,10213
chaise	2019,23291,7895
squeak	2019,23231,15053
angina	2019,23124,3613
feller	2019,23104,4539
teapot	2019,22911,11548
frying	2019,22887,5520
pebble	2019,22877,13205
jumble	2019,22825,16246
curate	2019,22757,5437
sucker	2019,22756,12815
stroma	2019,22688,1960
python	2019,22676,5805
tripod	2019,22648,9188
wicker	2019,22577,13132
insert	2019,22575,6918
locale	2019,22559,12317
hearty	2019,22551,14990
lotion	2019,22544,10070
sultry	2019,22472,13690
rookie	2019,22309,8085
arctic	2019,22308,8421
corral	2019,22300,5110
ataxia	2019,22274,2708
darker	2019,22263,16609
resume	2019,22239,8540
adverb	2019,22232,4682
modern	2019,22121,14748
eighth	2019,22022,13617
hither	2019,22020,11089
quinoa	2019,22016,3237
morgue	2019,21979,8687
jersey	2019,21973,8263
fleece	2019,21926,10045
gunner	2019,21792,5701
corona	2019,21756,3961
sledge	2019,21683,4977
pickle	2019,21678,9978
reside	2019,21667,15193
hoodie	2019,21634,8690
sesame	2019,21550,5687
caudal	2019,21392,2417
rabble	2019,21314,11333
meteor	2019,21281,8520
mirage	2019,21280,13220
thrice	2019,21271,12328
duffel	2019,21222,7534
maxima	2019,21221,5759
calmer	2019,21157,15680
legion	2019,21145,10002
exhale	2019,21134,9544
thorax	2019,21129,4274
lysine	2019,21112,3389
lustre	2019,21098,10457
heyday	2019,21082,14110
surety	2019,21068,8450
regent	2019,21026,5843
undead	2019,21000,4306
locket	2019,20980,4987
bounce	2019,20945,11973
opener	2019,20936,11518
midair	2019,20923,11597
employ	2019,20864,13031
furrow	2019,20844,11116
steppe	2019,20822,3609
pallet	2019,20819,7743
wearer	2019,20813,10580
ocular	2019,20808,4260
simile	2019,20715,8990
squeal	2019,20702,13428
gypsum	2019,20671,3767
ketone	2019,20601,3138
carton	2019,20581,10390
bazaar	2019,20571,7539
granny	2019,20540,7081
papacy	2019,20534,3781
grocer	2019,20458,9448
sputum	2019,20415,2720
slider	2019,20407,3585
winery	2019,20374,3267
pulley	2019,20284,6352
folate	2019,20180,2921
falcon	2019,20162,6884
octave	2019,20141,7347
behest	2019,20131,13743
tester	2019,20118,5569
warmer	2019,20112,14602
moving	2019,20087,14850
timbre	2019,20070,7633
cuckoo	2019,20053,7714
digest	2019,20042,10534
piazza	2019,20032,4804
hanger	2019,20029,11181
goblin	2019,20017,3748
clamor	2019,19966,12107
miller	2019,19955,5533
excise	2019,19936,5238
scotch	2019,19922,8002
schism	2019,19913,8981
muslin	2019,19890,8955
serial	2019,19889,8661
lipase	2019,19884,2575
recoil	2019,19829,10099
amulet	2019,19718,4749
phobia	2019,19698,7061
elixir	2019,19692,8532
ardour	2019,19675,8702
litany	2019,19674,13797
crutch	2019,19662,10123
motley	2019,19639,13389
maniac	2019,19571,11947
acumen	2019,19523,13556
tiptoe	2019,19516,11755
repute	2019,19403,12128
nudity	2019,19399,8569
fibrin	2019,19395,2415
stator	2019,19382,965
mayhem	2019,19373,12749
indigo	2019,19283,8605
minima	2019,19263,5025
halter	2019,19239,8571
upshot	2019,19238,11067
basalt	2019,19224,4463
rigour	2019,19186,10252
lessor	2019,19112,1435
fucker	2019,19099,6944
fresco	2019,19041,6112
leeway	2019,19009,12574
mishap	2019,18996,13353
curfew	2019,18993,9114
candor	2019,18972,10959
copula	2019,18919,1854
quorum	2019,18901,4282
duplex	2019,18895,5906
lichen	2019,18862,6250
impure	2019,18807,9932
innate	2019,18773,9380
clique	2019,18767,8035
efflux	2019,18702,2911
brunch	2019,18657,7569
flexor	2019,18645,1613
abuser	2019,18591,5901
alkali	2019,18591,4415
techno	2019,18582,7674
crispy	2019,18568,6686
oeuvre	2019,18427,6764
tarmac	2019,18407,8888
finery	2019,18406,11473
barter	2019,18398,9070
brooch	2019,18369,6678
flange	2019,18351,2473
potter	2019,18282,7455
washer	2019,18276,8558
faucet	2019,18243,10530
resale	2019,18180,6023
serine	2019,18154,3120
sprawl	2019,18124,8251
kennel	2019,18028,6481
strait	2019,18013,7505
gunman	2019,17999,5881
triage	2019,17989,5293
oedema	2019,17987,1805
fillet	2019,17952,5194
botany	2019,17905,7994
prewar	2019,17864,5856
supple	2019,17863,11543
coyote	2019,17857,5416
rocker	2019,17852,8062
sativa	2019,17809,2482
wilder	2019,17799,12422
owning	2019,17774,11016
archer	2019,17753,5501
garret	2019,17716,6582
sowing	2019,17700,7239
inning	2019,17645,2252
eulogy	2019,17631,10709
poplar	2019,17578,6792
linker	2019,17553,2275
direct	2019,17484,10606
damper	2019,17475,6547
repast	2019,17472,8560
siding	2019,17468,10339
radial	2019,17465,4917
seeing	2019,17459,11016
splint	2019,17444,3589
inmost	2019,17435,8809
chisel	2019,17383,8035
eczema	2019,17352,3772
lingua	2019,17351,6131
tundra	2019,17318,4618
infamy	2019,17299,9953
luster	2019,17289,9653
solder	2019,17256,2349
stucco	2019,17182,8156
fiasco	2019,17180,11929
levity	2019,17088,10665
jurist	2019,17043,6435
corset	2019,16980,6440
egoism	2019,16948,5825
sleigh	2019,16887,4383
grotto	2019,16871,5627
settee	2019,16853,5832
vermin	2019,16847,10017
talker	2019,16824,11157
approx	2019,16799,4932
refuse	2019,16789,10624
outlay	2019,16727,9403
mental	2019,16622,10279
awning	2019,16608,9738
selfie	2019,16592,8078
domino	2019,16543,7064
jailer	2019,16524,5606
captor	2019,16521,8534
wicket	2019,16476,4466
barium	2019,16413,3477
magick	2019,16373,744
weaver	2019,16330,6911
uplift	2019,16308,6008
zither	2019,16263,2274
glioma	2019,16255,1631
bushel	2019,16229,7649
effigy	2019,16214,7200
chitin	2019,16209,2014
tubule	2019,16202,1528
inland	2019,16181,7994
pauper	2019,16174,8325
rapist	2019,16168,7043
medial	2019,16158,2538
dorsal	2019,16148,3142
retail	2019,16144,7288
cipher	2019,16105,5427
casein	2019,16103,2222
blazer	2019,16098,8255
ureter	2019,16086,1295
squint	2019,16069,11034
auburn	2019,16064,9235
iodide	2019,16049,3200
layman	2019,16011,9921
rosary	2019,15974,6718
dimple	2019,15930,8022
muster	2019,15897,9310
buzzer	2019,15867,8426
shaker	2019,15863,5798
seabed	2019,15839,4011
jockey	2019,15802,6417
septal	2019,15696,1526
caliph	2019,15691,2070
lambda	2019,15689,2767
biking	2019,15640,5802
patter	2019,15640,10947
camper	2019,15635,5139
zigzag	2019,15606,8364
noodle	2019,15588,7267
twitch	2019,15585,11002
tirade	2019,15578,11765
plugin	2019,15522,1931
bleach	2019,15494,7686
burrow	2019,15486,6343
theism	2019,15486,2433
auntie	2019,15478,6258
beaker	2019,15387,4575
sitter	2019,15372,6673
locust	2019,15366,5190
replay	2019,15294,7367
upkeep	2019,15285,10686
spacer	2019,15259,3141
hassle	2019,15247,10781
oocyte	2019,15247,1173
sprite	2019,15240,4016
gurney	2019,15238,6223
fruity	2019,15228,6909
fandom	2019,15181,1887
thermo	2019,15146,3917
former	2019,15101,11413
finder	2019,15075,6646
hippie	2019,15069,6862
mildew	2019,15010,5822
escrow	2019,15006,2301
tether	2019,14949,7908
laxity	2019,14882,5837
scythe	2019,14877,7095
specie	2019,14870,4379
fetish	2019,14846,8051
orchid	2019,14845,5248
grouse	2019,14825,4912
workup	2019,14808,2746
calico	2019,14802,7011
solver	2019,14755,2905
spinal	2019,14715,4775
manger	2019,14689,7457
exergy	2019,14625,370
outage	2019,14593,4089
jigsaw	2019,14573,9113
thrall	2019,14508,8436
pylori	2019,14491,1603
clench	2019,14414,8858
upside	2019,14390,9312
myopia	2019,14375,4230
dental	2019,14347,4548
disuse	2019,14326,9071
fuckin	2019,14300,3128
hustle	2019,14298,9877
atopic	2019,14268,1590
payout	2019,14261,5312
dengue	2019,14219,2343
caster	2019,14217,2802
tallow	2019,14211,6603
bowler	2019,14103,4479
oddity	2019,14091,9963
scalar	2019,14078,3803
indica	2019,13987,2614
storey	2019,13934,5812
moduli	2019,13932,1892
fender	2019,13896,7161
pectin	2019,13896,2111
laymen	2019,13892,7004
pagoda	2019,13837,3839
legume	2019,13787,2197
inlaid	2019,13775,8267
subnet	2019,13770,743
cravat	2019,13716,5518
dynamo	2019,13712,3811
hitter	2019,13678,2689
dinghy	2019,13646,3159
hubbub	2019,13576,9517
milder	2019,13522,9613
mutter	2019,13491,9291
thrush	2019,13454,5461
sizing	2019,13451,4161
glider	2019,13442,3095
crouch	2019,13423,7943
shanty	2019,13386,5634
dugout	2019,13377,3024
myelin	2019,13376,2333
hearse	2019,13369,6205
waggon	2019,13287,3223
harlot	2019,13284,5399
weasel	2019,13283,6626
franca	2019,13271,4792
refill	2019,13257,7066
magnum	2019,13244,6694
whoosh	2019,13236,8809
barman	2019,13223,4476
censor	2019,13141,6298
tiller	2019,13096,5009
gadget	2019,13089,6348
hyphae	2019,13062,1415
markup	2019,12996,3458
badger	2019,12974,4443
canary	2019,12955,7383
mystic	2019,12906,5918
nearer	2019,12906,9318
frieze	2019,12891,5028
canola	2019,12827,2663
grower	2019,12772,4123
digger	2019,12771,6352
huddle	2019,12717,7991
omelet	2019,12700,5411
castor	2019,12683,4228
fibula	2019,12658,1944
chaste	2019,12620,7954
paving	2019,12605,6882
phonon	2019,12544,903
vassal	2019,12492,5135
losing	2019,12488,9119
whiter	2019,12473,8945
medley	2019,12399,8101
render	2019,12376,6267
radish	2019,12369,4863
attest	2019,12357,7634
phenyl	2019,12336,2358
umpire	2019,12299,4146
hamper	2019,12290,7444
tumble	2019,12285,9265
muffin	2019,12232,5635
myrtle	2019,12164,5222
armpit	2019,12151,8153
admire	2019,12149,9985
smudge	2019,12132,8582
oblong	2019,12126,5429
lumbar	2019,12125,2062
fisher	2019,12119,5477
lackey	2019,12097,5240
brewer	2019,12088,4659
despot	2019,12080,6894
urchin	2019,12065,6237
grader	2019,12063,6233
demure	2019,12031,8695
walkie	2019,11984,5003
buddha	2019,11983,1149
girder	2019,11967,1888
atypia	2019,11950,561
muddle	2019,11909,8286
slight	2019,11908,10173
dentin	2019,11880,621
pointy	2019,11868,7966
myosin	2019,11863,1554
billet	2019,11807,4421
armory	2019,11795,5238
cinder	2019,11769,7327
tuxedo	2019,11763,6593
garter	2019,11761,4255
herald	2019,11755,5790
cosine	2019,11709,3158
repent	2019,11702,6496
spline	2019,11688,1838
nugget	2019,11679,6347
jingle	2019,11672,8046
vizier	2019,11618,1764
isomer	2019,11614,2162
gunmen	2019,11610,4033
nebula	2019,11589,2484
papyri	2019,11589,1647
penile	2019,11537,1811
squall	2019,11518,6093
airmen	2019,11488,3327
papaya	2019,11459,3574
mascot	2019,11450,6237
blower	2019,11440,5059
votive	2019,11431,4653
fixity	2019,11427,6121
cognac	2019,11403,4952
waving	2019,11390,9247
hadith	2019,11360,1236
garnet	2019,11347,2744
cashew	2019,11289,3174
mettle	2019,11271,8408
gating	2019,11232,2386
valise	2019,11221,3891
remand	2019,11217,2347
cordon	2019,11205,6012
lavage	2019,11196,1691
turnip	2019,11185,5930
pajama	2019,11167,6531
taping	2019,11157,8244
expiry	2019,11104,3700
canter	2019,11087,5170
goatee	2019,11083,6437
insula	2019,11067,1957
poodle	2019,11048,5543
cyborg	2019,11046,2433
priori	2019,11029,6152
pestle	2019,11028,4711
bistro	2019,11008,4161
voodoo	2019,10948,4880
oxford	2019,10925,2295
grille	2019,10924,3883
fealty	2019,10907,6023
barrow	2019,10878,4311
struct	2019,10872,764
truism	2019,10865,8242
advert	2019,10850,4852
cetera	2019,10846,5229
veggie	2019,10838,4192
wobble	2019,10812,7365
monism	2019,10805,2492
cleric	2019,10759,4654
setter	2019,10712,4822
babble	2019,10701,7894
crypto	2019,10671,2115
potash	2019,10634,2804
damask	2019,10627,5733
sharia	2019,10617,1509
cardio	2019,10588,4365
golfer	2019,10577,3858
pleura	2019,10529,1465
karate	2019,10522,4797
jester	2019,10520,4740
pewter	2019,10500,5942
breech	2019,10497,4175
loader	2019,10484,3395
pastel	2019,10476,6244
gazebo	2019,10471,3788
lunacy	2019,10460,6108
pueblo	2019,10419,1728
docket	2019,10321,3577
bellow	2019,10288,7353
sacrum	2019,10267,1897
backer	2019,10262,5179
larder	2019,10262,6336
talkie	2019,10240,4410
sitcom	2019,10232,4485
slayer	2019,10226,4695
opioid	2019,10225,1855
lodger	2019,10218,4226
phlegm	2019,10210,5629
though	2019,10183,6061
ensign	2019,10173,4415
leptin	2019,10132,1405
siting	2019,10113,2998
sodomy	2019,10070,3048
spying	2019,10046,6613
bugger	2019,10039,4646
affine	2019,10018,1780
aortic	2019,10014,1167
thatch	2019,9986,6098
junkie	2019,9973,5738
idiocy	2019,9949,6935
dollop	2019,9941,5946
creole	2019,9913,2234
tinder	2019,9867,5711
mallet	2019,9866,4995
magpie	2019,9863,4365
misfit	2019,9851,5054
hopper	2019,9829,3572
transl	2019,9823,1867
raster	2019,9816,1731
cupola	2019,9808,4524
sonata	2019,9796,2623
raiser	2019,9759,4769
dyeing	2019,9755,2530
knower	2019,9726,3264
hexane	2019,9711,2028
torpor	2019,9689,5738
cherub	2019,9683,4783
cougar	2019,9666,2498
remake	2019,9637,3771
scruff	2019,9576,6629
lassie	2019,9574,2461
splice	2019,9563,2358
skewer	2019,9557,3575
arming	2019,9545,5370
heifer	2019,9541,3855
surfer	2019,9541,4400
zygote	2019,9539,1760
reaper	2019,9526,4309
tedium	2019,9522,7332
shrunk	2019,9517,7651
hansom	2019,9515,2667
claret	2019,9507,4592
halide	2019,9483,1550
xylene	2019,9470,1667
avowal	2019,9434,5765
madmen	2019,9420,6196
dorsum	2019,9419,1440
trivia	2019,9416,6292
tinsel	2019,9413,5683
payday	2019,9374,4964
albedo	2019,9370,1318
acacia	2019,9369,3691
sadism	2019,9363,3853
signet	2019,9360,3888
crayon	2019,9345,5401
vestry	2019,9326,3471
miasma	2019,9307,5154
tempeh	2019,9300,825
yeoman	2019,9296,4190
hooker	2019,9295,4160
tycoon	2019,9266,5231
dimmer	2019,9258,6287
delete	2019,9248,4295
kimono	2019,9248,3349
ashram	2019,9246,1639
horrid	2019,9237,6346
lading	2019,9223,2280
zodiac	2019,9220,2871
dermal	2019,9185,2143
biotin	2019,9135,1800
eatery	2019,9118,3690
legate	2019,9078,2007
curing	2019,9075,2727
gayety	2019,9075,3441
radium	2019,9074,2467
primal	2019,9045,6077
homily	2019,9031,3609
plenum	2019,9004,1734
jackal	2019,8991,3306
printf	2019,8976,302
balsam	2019,8943,3564
rebate	2019,8935,2947
talkin	2019,8930,4059
phylum	2019,8927,1960
duster	2019,8921,5174
frolic	2019,8908,5811
caviar	2019,8899,4714
config	2019,8882,942
lentil	2019,8857,3002
fitter	2019,8831,5984
holism	2019,8823,2590
pariah	2019,8816,6065
tartan	2019,8814,4271
fungal	2019,8779,2635
tinkle	2019,8766,6200
triple	2019,8764,5147
keypad	2019,8763,4933
smiley	2019,8759,5916
micron	2019,8749,3114
tickle	2019,8726,6242
armful	2019,8719,6852
foliar	2019,8717,1097
raisin	2019,8717,4551
weirdo	2019,8703,5574
chalet	2019,8694,2773
parser	2019,8680,1358
warren	2019,8671,5315
zoster	2019,8636,1436
facile	2019,8626,5373
mortem	2019,8597,4431
glitch	2019,8595,5534
sprung	2019,8592,6223
meagre	2019,8577,6662
mentee	2019,8560,1605
gaggle	2019,8550,6396
wraith	2019,8542,3585
dopant	2019,8520,1064
xxviii	2019,8519,3497
statin	2019,8517,1332
canton	2019,8500,2590
curtsy	2019,8489,3818
docker	2019,8482,842
gambit	2019,8463,5706
wiggle	2019,8462,6393
bhakti	2019,8429,807
sexton	2019,8416,3019
pommel	2019,8392,3913
contra	2019,8390,3157
affirm	2019,8330,6079
alkene	2019,8330,847
zircon	2019,8322,658
laddie	2019,8301,1967
masala	2019,8300,2061
apogee	2019,8275,4664
lacuna	2019,8246,5280
tartar	2019,8235,2679
rising	2019,8223,5818
ethane	2019,8217,1887
august	2019,8214,2340
waffle	2019,8202,4027
funder	2019,8200,2525
picker	2019,8190,3658
quarto	2019,8188,2885
humbug	2019,8175,4505
cuddle	2019,8174,5467
jaguar	2019,8144,2327
wheeze	2019,8140,4407
leaven	2019,8131,3971
offing	2019,8111,5392
diadem	2019,8109,4355
mingle	2019,8106,6814
diatom	2019,8098,756
emboli	2019,8057,1354
barrio	2019,8056,1661
cupful	2019,8037,1862
sluice	2019,8015,3432
tahini	2019,8008,1419
capsid	2019,8005,1024
faerie	2019,7989,885
gurgle	2019,7980,6193
rapier	2019,7976,3113
quanta	2019,7955,2244
denote	2019,7911,4509
easing	2019,7903,4133
encore	2019,7896,4852
tinker	2019,7891,3637
mussel	2019,7828,2603
ramble	2019,7825,5433
riekol	2018,7823,115
wigwam	2019,7821,2096
plinth	2019,7813,3659
hotbed	2019,7794,6178
salami	2019,7780,3731
obtuse	2019,7777,4379
sclera	2019,7757,1581
earner	2019,7735,4430
sortie	2019,7732,3245
sheikh	2019,7723,1587
kitsch	2019,7701,3097
longue	2019,7696,4240
browse	2019,7685,4312
kicker	2019,7685,4610
possum	2019,7683,3351
sphinx	2019,7679,3526
tragic	2019,7677,5522
cackle	2019,7669,5734
aflame	2019,7642,5990
baboon	2019,7626,3387
belfry	2019,7609,3731
tussle	2019,7608,6084
gamete	2019,7591,1324
warder	2019,7587,2214
gasket	2019,7586,2752
indium	2019,7584,1786
entail	2019,7578,5413
tannin	2019,7577,1833
nettle	2019,7573,3553
operon	2019,7562,825
pinion	2019,7526,1725
towing	2019,7509,3494
lintel	2019,7494,4092
defile	2019,7470,3487
mitral	2019,7447,935
robert	2019,7438,1210
mowing	2019,7435,4081
colder	2019,7402,6289
sneeze	2019,7398,5252
pumice	2019,7394,2465
scurvy	2019,7392,2896
trowel	2019,7385,4111
europe	2019,7368,2181
hyphen	2019,7354,3225
lookup	2019,7353,2086
duffle	2019,7340,3227
craven	2019,7324,4985
signer	2019,7322,2158
cudgel	2019,7321,3544
succor	2019,7311,4464
parley	2019,7309,4572
cabman	2019,7304,2439
inhale	2019,7287,3874
patina	2019,7286,4595
taxing	2019,7280,4429
scrawl	2019,7257,5748
purine	2019,7250,1843
beater	2019,7228,4060
lectin	2019,7220,1235
hornet	2019,7205,4991
newbie	2019,7178,4713
eraser	2019,7161,4139
pogrom	2019,7156,2206
armada	2019,7140,3192
adduct	2019,7124,1440
sprain	2019,7115,3177
pincer	2019,7114,3295
doggie	2019,7108,3485
homing	2019,7101,3442
rebuff	2019,7094,5608
goiter	2019,7091,1268
axilla	2019,7089,1307
sizzle	2019,7060,5030
buyout	2019,7021,2239
daemon	2019,7014,1349
rattan	2019,7009,3238
bovine	2019,6993,3105
jitter	2019,6987,1866
precum	2019,6980,1211
snatch	2019,6970,4049
treble	2019,6966,4024
neuter	2019,6959,2345
raving	2019,6939,5486
extant	2019,6936,4693
carafe	2019,6904,4243
undone	2019,6902,5960
airing	2019,6898,5263
collie	2019,6895,3203
ringer	2019,6889,4926
brazen	2019,6887,5698
indole	2019,6882,1349
penury	2019,6878,4863
modulo	2019,6877,1424
goalie	2019,6875,1697
immune	2019,6870,5113
forger	2019,6863,3093
israel	2019,6856,651
aurora	2019,6847,2454
sprout	2019,6845,3869
cranny	2019,6825,5959
savour	2019,6824,3586
lawman	2019,6823,2112
phloem	2019,6811,858
hiccup	2019,6807,5245
stevia	2019,6806,926
anomie	2019,6785,2357
inline	2019,6784,2498
logger	2019,6777,2135
starry	2019,6749,4974
mousse	2019,6745,2965
tropic	2019,6745,3390
rancor	2019,6744,4892
minion	2019,6742,3472
bouncy	2019,6734,4759
random	2019,6723,4715
feline	2019,6719,3553
rework	2019,6716,2431
skater	2019,6715,3261
angler	2019,6714,2232
sorrel	2019,6701,2956
labrum	2019,6691,446
strung	2019,6689,5733
butane	2019,6681,2131
cachet	2019,6636,4389
auteur	2019,6626,1962
cabbie	2019,6622,2823
siesta	2019,6619,4239
keener	2019,6594,5500
russet	2019,6585,3352
cantor	2019,6531,1412
kilter	2019,6518,5540
girlie	2019,6510,3701
scenic	2019,6509,3243
looker	2019,6504,4767
nestle	2019,6495,5257
maroon	2019,6492,4253
gazing	2019,6480,5008
wetter	2019,6477,3797
macula	2019,6474,1096
scorer	2019,6469,2023
cobweb	2019,6447,4778
oblast	2019,6434,670
cringe	2019,6431,5294
priory	2019,6422,1853
lather	2019,6421,4328
squirm	2019,6389,4525
wooing	2019,6382,4189
gibbet	2019,6366,2885
smithy	2019,6348,2606
silage	2019,6343,1323
poncho	2019,6313,2683
feudal	2019,6305,3727
ermine	2019,6296,3617
trocar	2019,6288,621
pyrite	2019,6265,1348
rapper	2019,6265,2543
geyser	2019,6254,3479
tassel	2019,6249,3575
chiasm	2019,6245,1030
brogue	2019,6244,3855
ferret	2019,6237,2497
fleecy	2019,6236,4320
welter	2019,6225,4548
static	2019,6211,4167
galore	2019,6202,4691
patchy	2019,6198,4278
shekel	2019,6192,996
toffee	2019,6192,3122
acetyl	2019,6168,1866
airman	2019,6163,2114
massif	2019,6116,1477
typist	2019,6116,3617
getter	2019,6105,2983
asking	2019,6070,5256
nicety	2019,6062,4477
ouster	2019,6052,2590
dioxin	2019,6044,1308
dynein	2019,6042,282
hookup	2019,6020,3064
paunch	2019,6018,4316
canker	2019,6014,2853
deploy	2019,6003,3581
roving	2019,5999,4182
tomboy	2019,5998,3909
ageism	2019,5991,1744
gaoler	2019,5983,1859
creamy	2019,5977,2946
antler	2019,5972,1983
xylose	2019,5971,965
pyrene	2019,5966,1108
botnet	2019,5963,723
interj	2019,5963,82
chaser	2019,5957,3427
bolder	2019,5953,5250
lobule	2019,5953,1036
maggot	2019,5942,3127
cutout	2019,5940,3535
swathe	2019,5935,4454
aplomb	2019,5923,4853
tidbit	2019,5921,4757
gantry	2019,5914,1514
niacin	2019,5893,1607
ticker	2019,5891,3288
weevil	2019,5891,1262
lutein	2019,5884,969
shaven	2019,5872,4540
jasper	2019,5865,2594
ligase	2019,5832,1266
solani	2019,5825,623
cerium	2019,5819,1198
fedora	2019,5814,3153
costal	2019,5786,1333
linden	2019,5786,2365
silane	2019,5785,1065
aporia	2019,5767,1927
conscr	2019,5761,16
gullet	2019,5750,3943
sadder	2019,5750,5014
sandal	2019,5748,3528
bifida	2019,5739,1316
gander	2019,5734,3353
learnt	2019,5728,4578
douche	2019,5722,3194
intron	2019,5720,1195
piglet	2019,5717,1925
reboot	2019,5715,2764
mation	2019,5701,3102
yeomen	2019,5687,2342
fluffy	2019,5677,2781
barque	2019,5669,1927
savant	2019,5667,3262
tiling	2019,5661,2328
rotate	2019,5652,3460
dearie	2019,5645,2386
waitin	2019,5634,2975
zhenqi	2019,5614,361
equine	2019,5607,1925
depart	2019,5594,4364
coolie	2019,5588,1923
aether	2019,5583,992
probit	2019,5579,1064
cesium	2019,5574,1360
kidnap	2019,5569,3047
mullet	2019,5561,2214
