example	2019,6755565,183564
process	2019,6400764,186281
nothing	2019,5431131,198137
country	2019,4209487,179744
control	2019,3970945,187501
problem	2019,3951175,186838
history	2019,3825173,185110
someone	2019,3620911,164806
results	2019,3441129,163059
systems	2019,3257093,123172
company	2019,3213173,174286
morning	2019,3190345,166937
members	2019,3098235,169394
chapter	2019,3093468,136751
studies	2019,3076525,130402
friends	2019,2979929,185511
support	2019,2907985,179449
service	2019,2848522,174406
minutes	2019,2815142,165683
changes	2019,2760010,172284
effects	2019,2732102,147318
society	2019,2713193,143692
century	2019,2583706,137990
section	2019,2561092,155183
parents	2019,2546371,158452
surface	2019,2532778,154370
culture	2019,2442337,123371
context	2019,2371878,110786
account	2019,2359746,169416
quality	2019,2352628,162355
brother	2019,2341515,138434
disease	2019,2327222,106100
project	2019,2314040,137431
factors	2019,2267096,108551
methods	2019,2254428,133419
purpose	2019,2230341,189639
percent	2019,2177196,96310
ability	2019,2146953,169250
thought	2019,2118826,171448
patient	2019,2000944,101776
product	2019,1984292,136542
species	2019,1931994,85795
husband	2019,1916832,133954
program	2019,1903434,108823
capital	2019,1898977,116584
respect	2019,1846613,172981
subject	2019,1818069,168021
network	2019,1805863,102079
concept	2019,1803881,123974
science	2019,1786595,132144
success	2019,1770319,169551
actions	2019,1735223,152977
feeling	2019,1733207,163522
meaning	2019,1729159,156657
reality	2019,1704976,164612
workers	2019,1628971,111925
student	2019,1626259,122212
fingers	2019,1615703,121517
evening	2019,1595158,140781
content	2019,1566048,146153
reasons	2019,1550666,177742
meeting	2019,1493325,155944
parties	2019,1469280,125014
contact	2019,1465787,161833
numbers	2019,1459148,162230
freedom	2019,1420934,144998
efforts	2019,1419319,155376
failure	2019,1417283,143293
sources	2019,1400491,126571
economy	2019,1398950,92570
picture	2019,1388027,180050
stories	2019,1377733,151120
justice	2019,1362679,115509
animals	2019,1353460,129522
leaders	2019,1352287,100478
message	2019,1343719,151704
teacher	2019,1333977,114362
schools	2019,1307637,105617
aspects	2019,1305315,123786
clothes	2019,1301393,137063
opinion	2019,1300063,150326
kitchen	2019,1276226,111166
variety	2019,1265579,147470
persons	2019,1242099,127039
details	2019,1221981,170490
trouble	2019,1205306,153186
objects	2019,1204008,114565
silence	2019,1203255,129294
pattern	2019,1198950,137543
village	2019,1175932,99615
version	2019,1170643,144450
therapy	2019,1151307,49790
concern	2019,1132530,151977
authors	2019,1104101,115804
machine	2019,1097404,122470
letters	2019,1094390,130308
balance	2019,1086211,149601
element	2019,1066705,128594
matters	2019,1030033,145397
journey	2019,1029596,141245
article	2019,1025552,118044
attempt	2019,1024019,157292
officer	2019,1010822,97079
protein	2019,1010593,29995
measure	2019,999270,139866
station	2019,992542,119165
absence	2019,978825,145834
reading	2019,963680,139017
writing	2019,961553,136634
classes	2019,956018,126139
climate	2019,954953,87753
passage	2019,952305,119329
mission	2019,951831,120627
college	2019,948521,104839
command	2019,941276,112612
feature	2019,926975,116927
regions	2019,925062,92140
present	2019,897600,154930
reports	2019,894250,120261
moments	2019,889622,138299
figures	2019,888084,137371
decades	2019,855114,116262
devices	2019,852215,90664
outcome	2019,849999,115315
benefit	2019,849911,136432
options	2019,834510,112039
partner	2019,823673,119478
anxiety	2019,819007,109833
stomach	2019,809914,99480
flowers	2019,790960,107217
density	2019,786931,49488
storage	2019,779076,116166
markets	2019,775139,65353
records	2019,769732,106783
nations	2019,764099,80886
release	2019,757210,109912
samples	2019,742443,57602
streets	2019,738524,115101
request	2019,735914,124939
vehicle	2019,730817,98030
windows	2019,730608,117788
seconds	2019,728961,109926
testing	2019,719453,72243
weather	2019,717635,123225
setting	2019,717224,124813
defense	2019,714345,82873
beliefs	2019,713785,82846
address	2019,713467,129310
portion	2019,711927,128136
readers	2019,710137,116262
opening	2019,695104,139913
poverty	2019,691370,84659
fashion	2019,684469,131605
library	2019,682121,98803
promise	2019,680970,134718
manager	2019,671369,87067
conduct	2019,667402,82833
dollars	2019,658612,89396
weapons	2019,655842,83065
surgery	2019,654686,53942
traffic	2019,652343,99566
bedroom	2019,652177,84627
affairs	2019,650963,103562
answers	2019,646589,132575
choices	2019,645984,109140
outside	2019,643592,151667
clients	2019,638485,67846
emotion	2019,634381,103000
wedding	2019,630427,81910
alcohol	2019,628426,81711
players	2019,627410,74050
payment	2019,616884,87203
passion	2019,613040,111334
edition	2019,607769,108255
tension	2019,607024,110316
periods	2019,602073,106987
mistake	2019,596216,133495
attacks	2019,594648,86640
illness	2019,592128,88277
mixture	2019,586579,95174
comfort	2019,585334,127169
demands	2019,583019,111294
housing	2019,582195,63358
degrees	2019,572212,119960
servant	2019,571512,74767
welfare	2019,570623,72581
channel	2019,570324,77884
arrival	2019,569013,115570
grounds	2019,565310,108732
writers	2019,555558,80331
instant	2019,550477,101617
victory	2019,545422,93258
muscles	2019,541035,79894
victims	2019,538588,83726
courage	2019,537168,110210
experts	2019,530367,85878
enemies	2019,530078,90442
kingdom	2019,520276,63144
advance	2019,517441,117619
captain	2019,516579,58579
quarter	2019,514164,113346
session	2019,511100,82446
formula	2019,510793,74494
farmers	2019,505888,60450
average	2019,500247,83156
soldier	2019,495910,71603
hearing	2019,493536,92870
witness	2019,487527,78524
essence	2019,484144,98445
consent	2019,477139,78901
chamber	2019,476855,70501
spirits	2019,475831,89819
display	2019,471245,110158
removal	2019,471103,74756
artists	2019,469279,64096
amounts	2019,468071,89482
profile	2019,465616,87801
imaging	2019,463513,21925
lessons	2019,462655,106633
funding	2019,456992,56421
website	2019,456169,81687
sisters	2019,454934,83986
vessels	2019,454362,57185
summary	2019,454024,85773
voltage	2019,449068,15923
counter	2019,448322,93527
fiction	2019,443690,88523
warning	2019,443458,118051
revenue	2019,436801,47142
worship	2019,436492,62466
fortune	2019,436071,90224
decline	2019,432851,76836
signals	2019,428234,66888
liberty	2019,421549,66469
insight	2019,421436,101933
courses	2019,418226,81020
chicken	2019,416426,70350
doctors	2019,415810,84715
faculty	2019,414775,53042
mothers	2019,411096,75129
glasses	2019,407962,84914
expense	2019,405691,101615
shadows	2019,405686,86323
peoples	2019,404450,55673
circuit	2019,403893,49148
charges	2019,401692,81968
mystery	2019,400533,97825
privacy	2019,399191,73055
inquiry	2019,398445,69529
leather	2019,397356,81040
slavery	2019,397139,46033
speaker	2019,396695,76951
journal	2019,395078,70439
threats	2019,389780,85289
targets	2019,388319,68085
council	2019,383186,60455
barrier	2019,382345,87474
suicide	2019,380436,67964
impacts	2019,379037,44339
comment	2019,377905,103124
dignity	2019,375936,82710
utility	2019,374588,65985
gesture	2019,373408,86022
defence	2019,372379,51802
minimum	2019,371952,86359
circles	2019,368451,110745
ceiling	2019,366094,86557
parking	2019,364904,54339
sectors	2019,364218,43083
cluster	2019,363274,61368
offices	2019,363207,87794
diagram	2019,362691,41207
package	2019,360690,78748
breasts	2019,360110,50529
citizen	2019,357570,71431
trading	2019,356160,51101
quantum	2019,354352,22377
general	2019,352878,92694
fishing	2019,351976,63394
theatre	2019,348780,43121
default	2019,346469,50039
pursuit	2019,345242,95979
profits	2019,343078,57519
tourism	2019,342358,24675
reforms	2019,342026,39270
emperor	2019,341129,29550
factory	2019,339636,63895
horizon	2019,338469,86948
centers	2019,336413,59942
drawing	2019,335979,71588
delight	2019,335518,83954
counsel	2019,333771,54327
anybody	2019,331964,72930
doorway	2019,331173,67138
complex	2019,330141,69850
pathway	2019,327036,48858
priests	2019,326472,42524
maximum	2019,326430,58461
tissues	2019,326123,31346
weekend	2019,325938,66135
islands	2019,325364,49858
shelter	2019,324381,86074
volumes	2019,322260,78580
designs	2019,321798,70834
columns	2019,319895,66065
symbols	2019,319801,67560
chances	2019,318927,107704
despair	2019,318202,84400
dispute	2019,317609,58473
segment	2019,314276,52676
origins	2019,312147,71470
assault	2019,308892,65895
lesions	2019,308827,11074
finance	2019,307452,45836
schemes	2019,307288,65506
returns	2019,306504,67902
loyalty	2019,304699,74345
critics	2019,302719,56046
females	2019,301368,48696
landing	2019,299312,70787
borders	2019,298860,68502
gravity	2019,298716,69104
sharing	2019,298432,64134
blanket	2019,295862,74435
domains	2019,295434,43232
desires	2019,294984,75567
secrets	2019,294211,85246
notions	2019,293155,65518
fathers	2019,291839,67167
protest	2019,291306,69905
uniform	2019,290266,82482
prayers	2019,290189,60951
funeral	2019,289641,68518
nursing	2019,289412,40902
episode	2019,289181,67207
forests	2019,288295,52467
customs	2019,285135,65769
current	2019,285001,57364
corners	2019,284677,92197
physics	2019,283672,43394
plastic	2019,283523,63699
hallway	2019,282592,50746
fatigue	2019,281562,56480
divorce	2019,280720,51454
harmony	2019,279911,72465
license	2019,279322,67613
glucose	2019,279117,14138
mention	2019,278189,97509
monster	2019,277336,63779
damages	2019,275194,34507
debates	2019,275119,50975
impulse	2019,273677,73879
battery	2019,273425,45426
cooking	2019,268337,67419
holiday	2019,267935,72773
airport	2019,267201,48787
polymer	2019,266446,9173
sensors	2019,265399,21891
statute	2019,264006,20160
hunting	2019,262684,64487
tragedy	2019,262206,72171
lawyers	2019,260752,52296
drivers	2019,260361,60181
mapping	2019,259098,34577
gardens	2019,258807,57418
surveys	2019,257812,45167
streams	2019,257397,68697
working	2019,256512,88487
carrier	2019,256260,42384
dataset	2019,255954,12893
banking	2019,255535,35790
reviews	2019,255403,72640
handful	2019,254648,89776
heavens	2019,254511,54346
neurons	2019,254274,14690
theater	2019,254110,42305
revenge	2019,253972,65939
scholar	2019,253507,59527
remarks	2019,253495,76194
defects	2019,251349,39450
charity	2019,249138,65124
savings	2019,248777,52945
finding	2019,247238,57915
cabinet	2019,246760,58522
mankind	2019,246620,54423
tobacco	2019,246158,49718
railway	2019,246057,41113
calcium	2019,245822,17479
binding	2019,244301,41602
infants	2019,243042,29565
masters	2019,242144,66258
smoking	2019,240698,61610
capture	2019,239827,62224
penalty	2019,238405,50181
sadness	2019,238338,73842
visitor	2019,237812,64506
bearing	2019,237104,75875
pockets	2019,236833,80102
triumph	2019,236225,69720
crystal	2019,235614,37682
insulin	2019,234651,10905
biology	2019,234341,41691
cottage	2019,233879,43150
reserve	2019,233605,58080
motives	2019,233278,69202
enzymes	2019,231773,12176
romance	2019,231294,60056
phrases	2019,229862,62036
descent	2019,229071,66249
markers	2019,228156,41477
glimpse	2019,227811,84812
venture	2019,227800,65788
clarity	2019,226753,78453
miracle	2019,226574,71760
exports	2019,223747,19992
torture	2019,222545,59778
editors	2019,222160,59183
virtues	2019,222131,51483
bottles	2019,221684,67262
farming	2019,220917,41501
weights	2019,220716,42805
loading	2019,219375,30840
fantasy	2019,218935,57595
lecture	2019,217167,61492
couples	2019,216890,54916
regimes	2019,215509,34277
strains	2019,214739,38325
destiny	2019,214307,64900
prophet	2019,214270,32084
dangers	2019,213504,75905
warrior	2019,213247,44055
imagery	2019,213001,46332
retreat	2019,212948,65688
fitness	2019,212809,43906
mineral	2019,212759,34559
dancing	2019,212269,68379
manners	2019,210881,64691
highway	2019,210731,55056
warfare	2019,210647,46011
heating	2019,209961,35546
healing	2019,208208,42050
tactics	2019,208207,57302
engines	2019,207714,47835
whisper	2019,206430,60472
insects	2019,204812,42689
founder	2019,204482,63672
vectors	2019,203361,18479
leisure	2019,203122,57345
curtain	2019,202775,62365
caution	2019,202632,82551
vitamin	2019,201770,15732
surgeon	2019,201479,38860
refusal	2019,200001,62953
grammar	2019,199343,37646
hormone	2019,199314,15682
closure	2019,198283,43729
outline	2019,197255,75487
dioxide	2019,195896,20913
harvest	2019,195882,50160
analogy	2019,194872,52505
visions	2019,194368,60256
colours	2019,193626,43609
thunder	2019,193583,54898
briefly	2019,193318,85010
strings	2019,193271,63224
tourist	2019,193082,40717
playing	2019,193014,76098
cameras	2019,192711,46226
deficit	2019,192549,33356
fellows	2019,192193,45359
battles	2019,192079,64161
texture	2019,191963,46149
concert	2019,191715,53819
diamond	2019,191357,52008
gallery	2019,190913,42109
remains	2019,188653,57017
rituals	2019,188493,39614
embrace	2019,188047,58472
offense	2019,186066,47758
stimuli	2019,186050,25490
temples	2019,185894,50453
posture	2019,185861,57475
imports	2019,184509,21416
pension	2019,184192,29552
martial	2019,183696,27917
offence	2019,182708,34591
biomass	2019,182098,8191
neglect	2019,181578,62474
custody	2019,181470,40188
obesity	2019,180631,15758
singing	2019,179898,54954
seasons	2019,179738,56911
routine	2019,178634,69766
entries	2019,178278,41012
goddess	2019,177666,34356
peasant	2019,177192,33431
natives	2019,177130,31967
bastard	2019,177102,36306
rewards	2019,173935,53630
squares	2019,173552,45829
contest	2019,172878,55080
tonight	2019,172273,46471
talents	2019,170745,59564
deposit	2019,170372,37462
sheriff	2019,169638,18670
stretch	2019,169446,66207
walking	2019,169402,66549
metrics	2019,167942,20569
centres	2019,167694,34023
refugee	2019,167224,24317
motions	2019,166510,46926
buttons	2019,166140,54429
nipples	2019,166139,18601
auditor	2019,165811,8346
habitat	2019,165718,23248
killing	2019,165292,47953
nucleus	2019,164882,24633
dilemma	2019,164780,61520
darling	2019,163391,36936
theorem	2019,163379,12879
surplus	2019,163353,35793
trigger	2019,163037,49451
erosion	2019,162061,30672
madness	2019,161605,52363
tickets	2019,160511,47453
cutting	2019,159344,59126
feeding	2019,159266,36418
closing	2019,159247,65094
eyebrow	2019,158862,37326
terrain	2019,158758,46441
margins	2019,158041,44105
careers	2019,157725,49797
disgust	2019,157331,59991
bridges	2019,157098,54582
variant	2019,155741,34518
appeals	2019,155687,43814
mansion	2019,154492,38783
natural	2019,152693,73406
bladder	2019,152655,19886
cavalry	2019,152316,20850
springs	2019,152269,52299
vaccine	2019,151434,10167
spheres	2019,151331,43657
traders	2019,151214,29291
breaths	2019,150935,44299
pricing	2019,150856,19347
clauses	2019,150498,19733
learner	2019,150168,18491
drought	2019,149828,25982
lengths	2019,148462,57606
honesty	2019,148134,62716
candles	2019,148104,47688
realism	2019,147690,27781
modules	2019,146117,19255
longing	2019,146101,53002
reactor	2019,145973,8820
driving	2019,145343,58783
heights	2019,145006,57601
anatomy	2019,144825,29498
painter	2019,144766,34983
ecology	2019,144718,21999
premise	2019,144630,46902
mandate	2019,144449,35649
renewal	2019,144391,42485
sailors	2019,142809,32101
coconut	2019,142610,17489
patches	2019,142070,46452
textual	2019,140517,22384
scandal	2019,140438,43562
costume	2019,140126,39475
paradox	2019,139920,42005
calling	2019,139110,59969
bullets	2019,138932,38749
balcony	2019,138655,36903
outlook	2019,138589,54213
coating	2019,138440,21260
dresses	2019,138345,49530
transit	2019,138242,32369
planets	2019,137421,25325
passing	2019,137263,69198
pillars	2019,137181,50450
abdomen	2019,137103,28695
strands	2019,137034,51124
threads	2019,136878,46573
symptom	2019,136486,33107
apology	2019,135870,56109
hazards	2019,135839,31593
warrant	2019,135823,34272
burning	2019,135803,58077
spectra	2019,135312,8979
worries	2019,135237,57977
reverse	2019,134604,61844
urgency	2019,134430,59633
cousins	2019,133852,46163
antigen	2019,133637,5915
premium	2019,133051,28414
fighter	2019,132818,36363
shelves	2019,132772,52934
sensing	2019,132537,16581
ratings	2019,132174,23993
princes	2019,132019,26499
holders	2019,131516,42897
cruelty	2019,131424,46876
tongues	2019,131109,46640
verdict	2019,130063,36788
editing	2019,129357,37193
central	2019,128593,50839
inverse	2019,128423,26352
sleeves	2019,128370,50143
monitor	2019,128326,37413
baptism	2019,128084,21119
vinegar	2019,128075,20651
breadth	2019,127799,53905
tribute	2019,127714,45842
anguish	2019,127383,47246
filters	2019,126846,24933
washing	2019,126691,50662
receipt	2019,126074,37462
scenery	2019,125902,42117
viruses	2019,125668,15438
bonding	2019,125631,26402
terrace	2019,125417,24825
outputs	2019,123873,22802
indices	2019,123490,22444
colonel	2019,122939,17000
produce	2019,122917,38767
museums	2019,122902,26514
coaches	2019,122458,23780
hunters	2019,122012,31209
balloon	2019,121759,29593
bargain	2019,121665,47607
selling	2019,121469,40263
grocery	2019,121271,42415
dynasty	2019,120650,21163
mastery	2019,120597,42133
tablets	2019,120287,32134
suspect	2019,120229,25810
laundry	2019,119752,42849
seizure	2019,119587,24832
revival	2019,119318,37062
silicon	2019,119179,10925
flights	2019,118999,41607
creator	2019,118935,41303
regards	2019,118725,46192
exhibit	2019,118241,39659
screens	2019,118228,40351
mindset	2019,118141,32459
estates	2019,118041,28042
analyst	2019,117521,22665
garment	2019,117047,37716
panties	2019,116991,15476
charter	2019,116522,25810
credits	2019,116077,28989
primary	2019,116003,36460
tenants	2019,115823,25856
bedside	2019,115695,42102
statues	2019,115493,34460
cookies	2019,115247,28421
recipes	2019,115051,24479
majesty	2019,114566,27558
inmates	2019,114385,23174
ethanol	2019,113095,8707
viewers	2019,113077,23038
garbage	2019,113016,40838
imprint	2019,112280,73549
incomes	2019,112145,23570
furnace	2019,111291,27561
talking	2019,111246,58136
monarch	2019,111093,26606
perfume	2019,110622,40473
jewelry	2019,110591,35589
warming	2019,110375,27455
matches	2019,110217,40273
strokes	2019,109425,40692
athlete	2019,109389,24004
mammals	2019,109291,17814
futures	2019,109244,25961
knights	2019,109169,17729
lineage	2019,108833,30574
needles	2019,108826,38664
integer	2019,108492,10466
academy	2019,108405,27868
auction	2019,108360,24061
bishops	2019,107638,14323
trustee	2019,107317,9935
bubbles	2019,107124,37063
compass	2019,107075,41260
vampire	2019,106466,11338
novelty	2019,106450,45191
notices	2019,106133,43518
formats	2019,105844,26664
murders	2019,105609,30301
nursery	2019,105600,32196
harbour	2019,105424,17765
cancers	2019,105012,11051
luggage	2019,104308,35324
eyelids	2019,104243,40279
turning	2019,103746,53999
residue	2019,103318,27678
peptide	2019,103160,5902
screams	2019,102966,39988
rupture	2019,102948,23149
recruit	2019,102787,41537
secrecy	2019,102603,39689
disdain	2019,101944,41422
valleys	2019,101785,34280
dancers	2019,101624,27373
whiskey	2019,101560,24895
hygiene	2019,101438,26744
lending	2019,101124,18212
lantern	2019,100988,26957
bicycle	2019,100883,31308
banquet	2019,100030,28230
feather	2019,99747,38551
servers	2019,99444,15798
missile	2019,99104,18132
trailer	2019,98764,19237
earnest	2019,98711,45040
actress	2019,98593,26920
scratch	2019,98558,50071
travels	2019,98409,46376
modulus	2019,98387,5869
prisons	2019,98063,25355
repairs	2019,98039,36143
infancy	2019,97801,38075
glances	2019,97725,41345
burdens	2019,97394,40482
rainbow	2019,96972,37675
turmoil	2019,96943,49726
kinship	2019,96839,27515
robbery	2019,96706,28955
dessert	2019,96260,34109
harness	2019,96051,41198
granite	2019,96029,29352
patrons	2019,95890,33886
wartime	2019,95606,20799
running	2019,95536,50476
pasture	2019,95386,25846
thieves	2019,95346,37414
vanilla	2019,95332,18652
gateway	2019,95319,31619
mirrors	2019,95110,41160
footage	2019,94629,24999
budgets	2019,94494,27259
beaches	2019,94392,24493
licence	2019,94059,28131
turbine	2019,93957,6806
wonders	2019,93713,45512
outlets	2019,93514,33059
vendors	2019,93139,25978
serpent	2019,93073,24783
packing	2019,92928,36062
corpses	2019,92880,27264
strikes	2019,92334,29709
suburbs	2019,92334,31941
stature	2019,92293,42995
welcome	2019,91446,45426
dragons	2019,91372,17507
tyranny	2019,91320,31996
foliage	2019,91275,28889
pirates	2019,91266,17037
footing	2019,91042,48151
implant	2019,90939,6527
cocaine	2019,90483,15200
tensile	2019,90458,6514
embassy	2019,90095,17743
militia	2019,89903,16353
excuses	2019,89782,46983
resolve	2019,89744,44552
ecstasy	2019,89706,32822
freight	2019,89614,23524
printer	2019,89589,23979
outrage	2019,89234,40250
whistle	2019,88957,37521
patents	2019,88682,20179
witches	2019,88640,17423
dialect	2019,88482,23825
linkage	2019,88237,22919
baggage	2019,88231,37696
dynamic	2019,88183,34925
filling	2019,87911,29095
legends	2019,87883,32154
berries	2019,87771,24854
lattice	2019,87694,12292
manhood	2019,87638,29746
incense	2019,87277,24329
tunnels	2019,87151,23555
pillows	2019,86863,36780
capsule	2019,86802,14631
sweater	2019,86715,26469
convent	2019,86530,15766
veteran	2019,86457,32037
quarrel	2019,86220,31262
sitting	2019,86216,45349
steamer	2019,85708,16596
forearm	2019,85447,27006
liquids	2019,85440,19208
singers	2019,85161,22683
overlap	2019,85082,30794
placebo	2019,84785,7423
dealers	2019,84722,25793
presses	2019,84696,31998
barrels	2019,84572,27784
antenna	2019,84293,9167
soybean	2019,84076,5580
updates	2019,84060,32156
onwards	2019,83823,30130
framing	2019,83773,24298
plateau	2019,83741,22834
advisor	2019,83235,28492
dissent	2019,83011,24967
archive	2019,82494,19067
listing	2019,82401,25040
algebra	2019,82245,12346
rhythms	2019,82013,23048
monkeys	2019,81958,22397
pioneer	2019,81921,35682
cricket	2019,81907,17753
plaster	2019,81890,30250
beating	2019,81800,42324
horrors	2019,81760,37471
packets	2019,81755,21775
pyramid	2019,81657,25437
cascade	2019,81096,25899
lesbian	2019,81040,13193
shuttle	2019,80966,16545
bipolar	2019,80962,12474
senator	2019,80668,16573
traitor	2019,80457,28038
forward	2019,80369,41151
scripts	2019,80314,21508
adviser	2019,79863,24800
bidding	2019,79816,34630
chuckle	2019,79711,30831
diffuse	2019,79514,20923
malaria	2019,79509,14846
rabbits	2019,79390,26422
chronic	2019,79307,17153
seekers	2019,79241,22937
villain	2019,79220,29160
sermons	2019,79219,22407
queries	2019,79145,19389
pottery	2019,79104,16633
artwork	2019,79092,24939
royalty	2019,79017,30041
sunrise	2019,78853,36363
flashes	2019,78711,37122
sinners	2019,78703,19153
preface	2019,78538,25505
holding	2019,78434,30981
apostle	2019,78396,13698
mercury	2019,78266,16470
textile	2019,78215,15933
posters	2019,78118,32086
rivalry	2019,78072,31653
sailing	2019,78017,31853
inertia	2019,77947,23244
chatter	2019,77915,39567
massage	2019,77812,20716
methane	2019,77407,8855
waiting	2019,77340,42400
impetus	2019,77286,39379
cycling	2019,77114,16341
poultry	2019,77108,16843
leakage	2019,76880,15031
chimney	2019,76716,27446
remorse	2019,76709,35474
empathy	2019,76392,25264
drawers	2019,76254,33883
squeeze	2019,75981,32350
bombing	2019,75603,17872
railing	2019,75532,29152
casting	2019,75502,21818
faction	2019,75500,21414
lawsuit	2019,75367,19169
viewing	2019,75283,27104
mustard	2019,75267,20689
ammonia	2019,74976,11682
agendas	2019,74824,26716
persona	2019,74809,25478
bundles	2019,74456,27831
wording	2019,73932,27246
brigade	2019,73919,13967
treason	2019,73803,22570
avenues	2019,73126,39233
console	2019,72959,17460
deities	2019,72870,15787
steward	2019,72014,19157
captive	2019,71968,31146
spouses	2019,71959,21797
pitcher	2019,71867,21269
benches	2019,71808,33479
anomaly	2019,71795,25154
expanse	2019,71775,36836
remnant	2019,71709,27525
shields	2019,71641,23231
pronoun	2019,71509,11831
sellers	2019,71422,21944
clinics	2019,71347,19079
browser	2019,70929,12087
bondage	2019,70796,24435
butcher	2019,70789,29550
carrots	2019,70772,20555
ranking	2019,70653,22823
hostess	2019,70641,24995
strides	2019,70627,37831
kidneys	2019,70622,16199
unknown	2019,70540,39367
stripes	2019,70512,32317
leagues	2019,70508,16399
chariot	2019,70420,16726
baskets	2019,70305,29781
cabbage	2019,70171,20295
cushion	2019,69984,33435
realist	2019,69896,15871
regimen	2019,69578,15702
airline	2019,69273,18217
stables	2019,69186,21352
trainer	2019,68686,20899
prairie	2019,68362,13963
serving	2019,68325,34343
catalog	2019,68311,26000
thinker	2019,68260,26436
enquiry	2019,68018,20804
ringing	2019,67716,37545
cooling	2019,67521,15127
buffalo	2019,67481,14463
comrade	2019,67348,22161
staging	2019,67334,17502
flavour	2019,67331,18785
grasses	2019,67294,20048
bathing	2019,67208,28740
indexes	2019,67080,15749
bruises	2019,66989,31349
shallow	2019,66951,35097
stadium	2019,66951,17446
seafood	2019,66891,13937
spacing	2019,66630,14170
bravery	2019,66628,32876
backing	2019,66456,31748
compact	2019,66277,28787
acetate	2019,66177,7485
lithium	2019,66144,6587
fucking	2019,66112,15880
boredom	2019,66074,31866
savages	2019,66041,17496
touches	2019,65636,38125
lifting	2019,65630,34075
showers	2019,65569,30282
vantage	2019,65389,36170
tariffs	2019,65373,11795
fabrics	2019,65290,18720
ribbons	2019,65061,29801
dinners	2019,64932,32568
summons	2019,64735,26067
memoirs	2019,64734,18723
cartoon	2019,64696,26107
tuition	2019,64687,20758
exhaust	2019,64618,18835
sausage	2019,64518,22039
modesty	2019,64494,31187
grazing	2019,64428,17657
empires	2019,64348,19314
sulfate	2019,64294,7545
routing	2019,64092,6882
parable	2019,64063,15489
reunion	2019,64013,29834
empress	2019,63923,6231
meadows	2019,63853,21303
nitrate	2019,63841,8328
seminar	2019,63834,22531
heroine	2019,63826,21729
trumpet	2019,63595,22365
telling	2019,63453,37027
primacy	2019,63267,22051
scaling	2019,63106,13798
workmen	2019,63019,20026
denotes	2019,62939,20040
palaces	2019,62877,21631
insurer	2019,62351,4304
natures	2019,62277,22605
winners	2019,62215,28237
volcano	2019,61932,20867
shotgun	2019,61924,17652
freezer	2019,61842,19011
dislike	2019,61832,33226
insides	2019,61782,25918
lodging	2019,61581,23380
parsley	2019,61459,7221
dresser	2019,61310,25125
skillet	2019,61109,6379
asshole	2019,61018,14116
sarcasm	2019,60809,32065
pigment	2019,60729,10868
seating	2019,60558,24928
commons	2019,60539,10761
cuisine	2019,60535,14875
orchard	2019,60471,18426
sponsor	2019,60424,17440
builder	2019,60207,26451
runners	2019,60132,19905
ligands	2019,60058,4229
potency	2019,59972,20866
uranium	2019,59892,7483
arrests	2019,59810,20925
contour	2019,59810,15667
sorrows	2019,59762,26798
grandma	2019,59678,17684
bankers	2019,59500,19207
welding	2019,59437,7067
photons	2019,59426,5928
sibling	2019,59350,24592
caravan	2019,59225,15136
mentors	2019,59050,19624
desktop	2019,59002,16479
pudding	2019,58797,19377
cathode	2019,58765,4744
flavors	2019,58752,15511
solvent	2019,58672,7665
noodles	2019,58293,13405
keeping	2019,57919,32600
indoors	2019,57838,28696
atrophy	2019,57806,7770
brokers	2019,57730,15305
embryos	2019,57720,6295
subsidy	2019,57408,12858
torment	2019,57366,27920
shudder	2019,57243,27445
killers	2019,57115,21475
insults	2019,57031,30587
pretext	2019,56839,25970
settler	2019,56775,10581
weeping	2019,56678,27217
signing	2019,56585,23819
mortals	2019,56452,21567
dungeon	2019,56372,16430
abscess	2019,56039,4933
sinking	2019,56034,31265
lottery	2019,55945,21970
subsets	2019,55895,11670
toddler	2019,55831,22766
valence	2019,55740,8142
duality	2019,55692,17227
hostage	2019,55562,24081
raising	2019,55319,29451
prowess	2019,55249,29519
nodules	2019,55179,5374
camping	2019,54908,19016
replies	2019,54793,27738
insider	2019,54769,18737
blossom	2019,54661,25415
flexion	2019,54615,3103
surname	2019,54164,21933
syringe	2019,54133,12053
payroll	2019,54110,15816
bandage	2019,54067,21824
robbers	2019,53980,19643
boulder	2019,53969,19474
suction	2019,53900,11501
crosses	2019,53879,22778
parlour	2019,53847,11353
torrent	2019,53807,27661
decrees	2019,53598,17253
masonry	2019,53577,12330
asphalt	2019,53576,16145
seniors	2019,53367,18121
showing	2019,53297,27645
slumber	2019,53272,27964
mockery	2019,53189,27962
accents	2019,53104,23603
rations	2019,53031,17736
bombers	2019,52970,9308
puberty	2019,52813,13411
chopped	2019,52757,9999
neutron	2019,52558,4789
sandals	2019,52473,23319
workout	2019,52433,16300
flicker	2019,52279,25756
melting	2019,52257,18638
dentist	2019,52131,19392
fluency	2019,51965,13893
proverb	2019,51925,20259
cohorts	2019,51885,16059
permits	2019,51878,19365
toilets	2019,51868,19447
torches	2019,51833,20977
culprit	2019,51666,27133
castles	2019,51525,19633
buckets	2019,51510,24525
spinach	2019,51452,11072
peppers	2019,51356,12049
lettuce	2019,51318,15737
bedtime	2019,51270,23038
classic	2019,51163,28941
endings	2019,51046,21364
studios	2019,50967,14225
protons	2019,50805,6501
nuances	2019,50747,28162
cockpit	2019,50490,10313
jackets	2019,50433,27103
pointer	2019,50282,12315
manuals	2019,50256,19595
oranges	2019,50062,23159
swallow	2019,50029,22430
allergy	2019,49840,9624
pistols	2019,49770,16362
liturgy	2019,49655,8508
spiders	2019,49525,17786
martyrs	2019,49389,16300
bananas	2019,49333,18126
fascism	2019,49072,10157
genesis	2019,48866,22090
deserts	2019,48783,23126
heroism	2019,48782,21454
marshal	2019,48670,9819
lookout	2019,48659,27588
lenders	2019,48619,9141
agility	2019,48585,20933
pastors	2019,48554,10853
craving	2019,48519,23572
summers	2019,48447,26655
pigeons	2019,48379,17664
tangent	2019,48269,10433
rebirth	2019,48220,19069
decency	2019,48111,26386
heathen	2019,48074,14076
negroes	2019,48041,7990
tractor	2019,47896,14464
carotid	2019,47891,5110
rumours	2019,47877,18560
bedding	2019,47818,20830
rulings	2019,47755,10514
sayings	2019,47674,19643
apparel	2019,47595,17708
streaks	2019,47586,24897
bouquet	2019,47521,21910
fairies	2019,47425,12941
fifties	2019,47319,25038
bending	2019,47303,10735
banners	2019,47295,22182
salient	2019,47174,19984
excerpt	2019,47085,19462
admiral	2019,47031,9009
outflow	2019,46980,10335
tidings	2019,46963,15278
edifice	2019,46882,21355
scanner	2019,46788,12329
shooter	2019,46695,13300
gallons	2019,46625,15899
diaries	2019,46530,15950
sixties	2019,46384,22442
handles	2019,46358,23957
lexicon	2019,46283,14553
draught	2019,46206,19648
hybrids	2019,46102,10410
invalid	2019,46099,21427
pumpkin	2019,46056,14180
discord	2019,46037,25194
tattoos	2019,46026,17205
liaison	2019,45919,20241
geology	2019,45856,13398
damping	2019,45732,4057
aspirin	2019,45678,11055
arousal	2019,45659,12413
cholera	2019,45627,12042
pebbles	2019,45591,21518
rapport	2019,45556,18164
regrets	2019,45534,27773
bearers	2019,45513,20625
ripples	2019,45483,23765
scribes	2019,45412,9820
pendant	2019,45323,13675
hypoxia	2019,45288,4855
seeking	2019,45265,21014
fallacy	2019,45191,17690
bracket	2019,45080,16403
throats	2019,45056,26626
planner	2019,45009,15465
orphans	2019,44993,19139
logging	2019,44907,11653
glimmer	2019,44887,26916
cruiser	2019,44838,9949
crusade	2019,44808,15461
chemist	2019,44779,17354
conduit	2019,44733,19232
amateur	2019,44723,22703
praises	2019,44616,23021
copying	2019,44585,19639
blender	2019,44263,6841
coroner	2019,44202,10575
dowager	2019,44176,3958
platoon	2019,44111,7590
platter	2019,44057,19063
glacier	2019,44053,8006
foreman	2019,43740,13346
cadmium	2019,43446,5059
uterine	2019,43403,4493
subunit	2019,43380,4718
respite	2019,43317,26590
fossils	2019,43293,8923
flutter	2019,43163,21337
latency	2019,43143,6888
veranda	2019,43043,11036
forties	2019,42800,24157
anarchy	2019,42721,17942
opioids	2019,42654,4219
parcels	2019,42641,16855
rodents	2019,42621,11222
droplet	2019,42565,6958
biscuit	2019,42550,18122
replica	2019,42492,19378
bribery	2019,42426,13754
pajamas	2019,42420,17994
relapse	2019,42295,11095
fishery	2019,42195,5905
buddies	2019,42184,20577
bandits	2019,42174,11933
dualism	2019,42151,10775
biofilm	2019,42037,2243
pairing	2019,42011,17026
migrant	2019,41910,7917
oysters	2019,41818,12004
eclipse	2019,41756,13048
milling	2019,41755,10306
lobster	2019,41710,12952
scatter	2019,41710,14952
rockets	2019,41703,12838
autopsy	2019,41607,12185
grading	2019,41598,11129
brewing	2019,41497,20569
genomes	2019,41352,4291
sulphur	2019,41237,10958
alleles	2019,41234,3476
handbag	2019,41207,14941
winters	2019,41182,21195
marshes	2019,41140,12588
bottoms	2019,41117,20756
progeny	2019,41037,15028
isotope	2019,40985,5261
stratum	2019,40921,11704
honours	2019,40919,16026
grating	2019,40915,13290
albumin	2019,40909,4783
evasion	2019,40859,18144
powders	2019,40805,10278
batches	2019,40388,13131
wetness	2019,40337,12299
patrols	2019,40243,13559
almonds	2019,40219,10413
express	2019,40179,26390
grandpa	2019,40136,11087
entropy	2019,40129,5768
glitter	2019,40103,21150
emerald	2019,39977,18316
fasting	2019,39940,12414
vacancy	2019,39909,16005
arsenic	2019,39848,7733
labours	2019,39818,14534
plaques	2019,39801,9869
equator	2019,39698,10174
tropics	2019,39683,11935
brushes	2019,39636,19962
cereals	2019,39632,9924
parting	2019,39558,22877
beetles	2019,39551,9867
midwife	2019,39523,10783
folders	2019,39511,12915
italics	2019,39445,17871
liberal	2019,39424,18312
gunfire	2019,39345,14242
vintage	2019,39339,18326
tendons	2019,39302,11441
sutures	2019,39284,4468
cations	2019,39274,5678
forever	2019,39207,25234
rapture	2019,39194,16798
zombies	2019,39175,7835
penance	2019,39123,15485
startup	2019,39119,8515
pooling	2019,39051,14198
mutants	2019,39000,4033
clashes	2019,38972,18566
trolley	2019,38877,12858
arsenal	2019,38829,21758
watches	2019,38801,21056
breakup	2019,38770,17233
carcass	2019,38764,15610
drizzle	2019,38763,15081
thicket	2019,38700,16099
keepers	2019,38611,18822
helmets	2019,38560,17779
reverie	2019,38550,19718
rooftop	2019,38538,14041
puppies	2019,38502,12097
clatter	2019,38452,21874
annuity	2019,38426,5390
tempest	2019,38419,16238
malware	2019,38394,3060
growers	2019,38340,8059
adipose	2019,38205,4159
burnout	2019,38176,7753
mergers	2019,38156,8617
fringes	2019,38144,19216
flannel	2019,38143,18696
maidens	2019,38020,13212
barking	2019,38011,20364
locales	2019,38009,26394
commune	2019,37919,10993
seaweed	2019,37901,13413
barrage	2019,37878,19418
shrines	2019,37826,11612
puzzles	2019,37802,18161
pellets	2019,37801,10860
duchess	2019,37769,5744
plunder	2019,37685,14396
digital	2019,37666,12318
terrors	2019,37643,19097
grimace	2019,37642,20726
punches	2019,37642,18363
resorts	2019,37511,14478
beggars	2019,37498,17565
bedrock	2019,37486,15833
smokers	2019,37478,10182
carpets	2019,37454,20165
foreign	2019,37407,14941
avocado	2019,37401,7373
compost	2019,37292,7032
tornado	2019,37291,15885
tumours	2019,37277,3688
walkway	2019,37125,16575
anchors	2019,37034,13742
offline	2019,37030,10403
pencils	2019,37021,18360
kernels	2019,37015,9353
boyhood	2019,36919,18228
rubbish	2019,36906,20916
sockets	2019,36869,18927
midline	2019,36863,4124
benzene	2019,36757,4833
spindle	2019,36728,7715
reagent	2019,36676,5138
acronym	2019,36657,19571
acidity	2019,36652,8439
voyages	2019,36576,12952
supreme	2019,36546,20707
roaring	2019,36358,22140
fencing	2019,36304,17176
carving	2019,36266,17055
palette	2019,36214,14027
portals	2019,36109,14735
diploma	2019,36104,16564
pitches	2019,35770,9565
footman	2019,35762,7757
extreme	2019,35712,23680
stubble	2019,35639,19096
fission	2019,35612,5486
shutter	2019,35609,10955
turtles	2019,35569,10094
burgers	2019,35402,11885
hospice	2019,35393,6373
publics	2019,35241,7099
tasting	2019,35217,13837
canteen	2019,35117,12360
cleanup	2019,35013,12827
legions	2019,35002,12715
helpers	2019,34992,17963
colitis	2019,34991,3708
hearers	2019,34981,13211
courier	2019,34970,12472
salvage	2019,34886,9259
runtime	2019,34739,3581
glamour	2019,34688,17460
errands	2019,34676,21986
conceit	2019,34613,17680
reaches	2019,34521,19402
prelude	2019,34469,21571
poetics	2019,34458,6143
cashier	2019,34400,14198
tsunami	2019,34226,12775
teasing	2019,34213,18289
seaside	2019,34192,15985
thrusts	2019,34151,13001
pilgrim	2019,34147,11124
gunshot	2019,34144,15957
miingon	2018,34034,119
refrain	2019,34021,18843
peanuts	2019,33971,13476
slogans	2019,33942,16242
popcorn	2019,33936,15291
billing	2019,33934,10975
pianist	2019,33929,10412
censure	2019,33919,16551
waiters	2019,33919,16660
archers	2019,33905,6490
outfits	2019,33905,18868
keyword	2019,33782,7359
biliary	2019,33772,2486
sweetie	2019,33683,12476
hearsay	2019,33555,9612
holster	2019,33428,11602
genders	2019,33331,15203
heparin	2019,33264,2794
murmurs	2019,33261,17420
breaker	2019,33234,14029
monsoon	2019,33220,7558
lizards	2019,33114,10408
sarcoma	2019,33107,3038
amnesia	2019,33101,10813
buildup	2019,33038,13816
kittens	2019,33019,10481
boycott	2019,33014,8571
marches	2019,32905,15704
rolling	2019,32817,19085
corpora	2019,32803,3627
fissure	2019,32778,9430
recital	2019,32771,14242
debtors	2019,32762,9173
grooves	2019,32761,13554
scrolls	2019,32752,10762
workman	2019,32752,12768
ganglia	2019,32745,4116
inflows	2019,32726,5290
scoring	2019,32723,10551
embargo	2019,32678,8317
sulfide	2019,32678,4395
mailing	2019,32627,12615
magnets	2019,32551,10760
synergy	2019,32517,13720
skipper	2019,32445,5902
consort	2019,32444,9413
clutter	2019,32309,14568
redress	2019,32305,12613
peaches	2019,32246,13171
goodbye	2019,32230,19925
citadel	2019,32228,10669
caption	2019,32220,15000
suffers	2019,32122,22730
roadway	2019,32105,12400
fistula	2019,32084,2716
oxidase	2019,32078,4066
patriot	2019,32020,13427
daggers	2019,31994,16733
fixture	2019,31900,16447
spreads	2019,31790,15205
dreamer	2019,31730,13769
trickle	2019,31693,20556
addicts	2019,31691,11187
referee	2019,31686,9580
stealth	2019,31644,16283
cannons	2019,31596,11652
histone	2019,31565,2508
humming	2019,31530,19563
atheist	2019,31470,12061
fancies	2019,31456,14559
laborer	2019,31371,13212
atheism	2019,31347,8410
payload	2019,31316,5290
hurdles	2019,31265,18616
carnage	2019,31240,17715
stamina	2019,31238,18822
bathtub	2019,31231,16146
twinkle	2019,31211,18638
handler	2019,31210,7310
fallout	2019,31172,16323
gallows	2019,31149,12695
mosques	2019,31054,8582
brevity	2019,31042,19264
monomer	2019,31038,3513
lactate	2019,31036,4248
tracker	2019,30997,8824
leopard	2019,30991,10389
molding	2019,30980,8478
synonym	2019,30967,15731
foramen	2019,30817,1923
admirer	2019,30808,18261
booklet	2019,30738,13805
legumes	2019,30725,5316
brewery	2019,30608,7072
sparkle	2019,30583,19596
oneness	2019,30582,10427
ladders	2019,30554,14832
measles	2019,30460,9674
bonuses	2019,30434,11752
commute	2019,30323,15717
firearm	2019,30253,7295
turnout	2019,30228,8835
condoms	2019,30143,10758
cadence	2019,30127,14834
bowling	2019,30105,12271
glories	2019,30027,16997
goggles	2019,30007,11584
plasmid	2019,30006,2255
habitus	2019,29989,5448
marbles	2019,29973,13327
thermal	2019,29947,8062
poisons	2019,29884,13792
setback	2019,29879,18454
shyness	2019,29858,17231
wrapper	2019,29735,14206
reprint	2019,29724,15597
nominee	2019,29625,7826
agonist	2019,29621,3434
trainee	2019,29586,9216
leprosy	2019,29576,7697
outpost	2019,29558,13549
hobbies	2019,29552,18136
sprouts	2019,29547,10148
healers	2019,29490,8254
brothel	2019,29428,9190
jumping	2019,29417,18428
unicorn	2019,29390,7668
puppets	2019,29387,12287
burials	2019,29385,6129
shampoo	2019,29341,14782
repeats	2019,29323,12147
combine	2019,29285,18070
boiling	2019,29265,12387
crashes	2019,29235,14081
earshot	2019,29223,19278
airflow	2019,29046,5562
gelatin	2019,29015,5191
scarlet	2019,28973,15045
lunches	2019,28918,17095
airways	2019,28912,5581
curator	2019,28868,9878
bonfire	2019,28762,13817
hackers	2019,28761,6326
estuary	2019,28738,6978
toolbox	2019,28686,13363
sojourn	2019,28654,15729
rearing	2019,28618,12668
plumage	2019,28575,8517
sleeper	2019,28551,15333
grenade	2019,28435,9282
donkeys	2019,28433,9535
epitome	2019,28410,19614
invoice	2019,28396,6992
toolkit	2019,28362,11719
epistle	2019,28337,8480
sending	2019,28337,15484
sucrose	2019,28327,4270
alchemy	2019,28326,9871
leaflet	2019,28268,7312
diocese	2019,28255,6314
analyte	2019,28242,1630
orifice	2019,28204,6994
torsion	2019,28196,3922
pastime	2019,28155,18448
trilogy	2019,28147,10079
satchel	2019,28122,9445
upgrade	2019,28031,12277
tyrants	2019,27966,12185
faraway	2019,27953,19101
collars	2019,27945,15322
podcast	2019,27922,7706
subtype	2019,27884,5434
digging	2019,27838,17912
marines	2019,27809,7115
archway	2019,27784,12462
epithet	2019,27775,13399
raisins	2019,27769,9805
calorie	2019,27749,6972
drummer	2019,27708,9150
rigging	2019,27705,9314
caramel	2019,27648,10705
caliber	2019,27640,13029
cheeses	2019,27639,10004
aquifer	2019,27634,2677
thereon	2019,27626,10464
iceberg	2019,27616,15855
timbers	2019,27588,11331
cleaner	2019,27562,16056
captors	2019,27533,13670
daytime	2019,27494,17644
hacking	2019,27457,10401
gambler	2019,27452,11394
cowboys	2019,27442,8661
wavelet	2019,27378,2337
nephews	2019,27311,14238
forgery	2019,27099,10196
arrears	2019,27097,7805
oratory	2019,27090,11189
dyspnea	2019,27084,2244
starter	2019,27037,10664
coaster	2019,27023,15541
haircut	2019,27003,15933
rallies	2019,26994,11420
purview	2019,26958,16093
schemas	2019,26939,5636
tenancy	2019,26923,4886
jurists	2019,26914,5875
profane	2019,26875,13409
thyroid	2019,26834,4580
impasse	2019,26820,14927
sorcery	2019,26806,8644
aphasia	2019,26795,2377
hanging	2019,26677,18258
rafters	2019,26652,14354
clerics	2019,26639,7148
skyline	2019,26610,14096
phantom	2019,26570,11214
summits	2019,26570,10735
torpedo	2019,26546,5372
aerosol	2019,26545,4842
heiress	2019,26521,10254
divides	2019,26458,14772
lunatic	2019,26399,14944
pennies	2019,26397,14374
polling	2019,26242,7940
tremors	2019,26219,13435
shivers	2019,26212,14960
dealing	2019,26204,12565
ovaries	2019,26204,5975
escapes	2019,26158,16895
guesses	2019,26137,16367
incline	2019,26119,15126
tapping	2019,26098,15529
erasure	2019,26087,9750
peacock	2019,26054,12970
decorum	2019,26030,15477
spatula	2019,26015,7230
trachea	2019,26014,4573
catches	2019,26011,11104
planter	2019,25915,8283
buffers	2019,25831,7777
inquest	2019,25805,6687
fillers	2019,25796,5114
sparrow	2019,25766,10609
chopper	2019,25765,6122
cubicle	2019,25735,11102
guineas	2019,25731,6689
straits	2019,25718,14287
shrieks	2019,25715,15735
intents	2019,25701,16522
cloning	2019,25699,5489
giggles	2019,25696,15262
mediums	2019,25652,10609
rollers	2019,25635,10220
muskets	2019,25619,6844
primate	2019,25618,6111
virgins	2019,25610,11085
malaise	2019,25541,11567
suitors	2019,25450,11218
parapet	2019,25413,9247
bravado	2019,25375,17740
paucity	2019,25344,15646
hammock	2019,25316,8522
laptops	2019,25295,11679
stanzas	2019,25287,7026
stromal	2019,25279,2002
swimmer	2019,25232,13471
preview	2019,25184,11024
ketones	2019,25078,3032
ballads	2019,25041,8922
sinuses	2019,25007,4998
shifter	2019,25006,3444
bilayer	2019,24986,2684
redness	2019,24924,11345
graphic	2019,24915,14684
sorting	2019,24913,10869
graders	2019,24894,7832
porters	2019,24893,10137
scourge	2019,24886,15372
acetone	2019,24860,4908
stances	2019,24855,12234
dropout	2019,24813,8228
ditches	2019,24753,12484
fitting	2019,24739,12164
singles	2019,24711,8381
visuals	2019,24665,9026
chagrin	2019,24660,16520
innings	2019,24644,3205
frailty	2019,24635,11391
marquis	2019,24584,3713
pledges	2019,24582,10613
roadmap	2019,24581,10980
gadgets	2019,24556,12788
napkins	2019,24540,14899
upwards	2019,24519,14894
oregano	2019,24363,4033
padding	2019,24337,11094
compare	2019,24307,15086
gospels	2019,24293,5306
sorghum	2019,24281,4294
urethra	2019,24207,2586
muffins	2019,24200,8212
bayonet	2019,24181,8177
docking	2019,24116,6282
mailbox	2019,24112,11535
dolphin	2019,24104,7857
leasing	2019,24085,7091
elation	2019,24064,15999
notepad	2019,24012,11955
breezes	2019,24003,14190
doubles	2019,24002,10873
bunches	2019,23984,13298
oatmeal	2019,23974,10863
couches	2019,23925,14101
rebound	2019,23838,11012
pageant	2019,23825,9994
diapers	2019,23817,10458
diction	2019,23804,9546
naughty	2019,23803,13922
tubules	2019,23803,2575
specter	2019,23790,13347
pruning	2019,23759,7678
traumas	2019,23693,10567
forceps	2019,23662,4666
adjunct	2019,23650,11080
vesicle	2019,23647,3190
garnish	2019,23627,3862
crevice	2019,23594,12381
staying	2019,23591,18306
tremble	2019,23570,15403
staples	2019,23531,12376
carbide	2019,23458,2874
cypress	2019,23452,8516
opacity	2019,23353,7843
coinage	2019,23351,7555
appears	2019,23332,16132
lentils	2019,23245,5955
proxies	2019,23236,8936
dryness	2019,23213,11393
heaving	2019,23201,14689
redhead	2019,23174,9043
raiders	2019,23166,6478
abandon	2019,23154,15634
trooper	2019,23151,6993
freeway	2019,23147,9040
biofuel	2019,23056,2619
hollows	2019,23040,12833
heather	2019,23024,7397
pedicle	2019,23007,1093
wetland	2019,23004,3468
bourbon	2019,22978,7048
mermaid	2019,22978,7042
triplet	2019,22915,4897
charger	2019,22890,10881
veggies	2019,22889,6613
polygon	2019,22884,3960
trifles	2019,22833,11895
borough	2019,22794,7411
whimper	2019,22774,13370
orgasms	2019,22763,6199
willows	2019,22733,9538
weaving	2019,22698,10647
ravages	2019,22670,15350
gnawing	2019,22620,16464
booster	2019,22572,9410
caverns	2019,22567,9876
etching	2019,22478,5378
violets	2019,22465,10388
herring	2019,22451,9781
oracles	2019,22451,7057
walnuts	2019,22451,7864
cellars	2019,22448,10693
frigate	2019,22434,4225
burglar	2019,22387,9438
precept	2019,22318,10829
chapels	2019,22296,7546
jogging	2019,22294,13298
inwards	2019,22278,12766
quartet	2019,22213,9052
collage	2019,22137,8856
encoder	2019,22122,2134
portico	2019,22096,8746
plywood	2019,21997,8187
prompts	2019,21935,8142
falsity	2019,21932,8292
favours	2019,21907,11833
cologne	2019,21888,11865
picking	2019,21885,13618
pickles	2019,21865,9707
woollen	2019,21859,10327
plagues	2019,21853,9634
affront	2019,21825,14988
anaemia	2019,21819,2883
postage	2019,21807,10272
weavers	2019,21806,6832
inkling	2019,21804,16294
acreage	2019,21785,8087
custard	2019,21746,7203
breeder	2019,21742,5479
blunder	2019,21649,13189
cutters	2019,21647,9905
probate	2019,21634,3243
bromide	2019,21621,5040
sealing	2019,21619,7938
enclave	2019,21589,9498
mutters	2019,21571,7225
headway	2019,21569,14763
cyanide	2019,21563,5703
retinue	2019,21552,9970
samurai	2019,21529,3250
evolves	2019,21518,14303
kinsman	2019,21516,7118
novices	2019,21500,8594
catcher	2019,21466,6523
outlaws	2019,21454,7306
folding	2019,21443,9381
kinases	2019,21437,2409
tableau	2019,21432,10079
walkers	2019,21425,9548
dimples	2019,21400,10405
scarves	2019,21372,12616
passers	2019,21360,13213
rooster	2019,21343,9216
bellies	2019,21340,14114
parades	2019,21325,10699
cowards	2019,21312,13470
spectre	2019,21307,11063
outlier	2019,21272,9154
ellipse	2019,21265,5173
defeats	2019,21261,11906
earners	2019,21258,7732
adapter	2019,21245,4307
ballast	2019,21243,7857
prefect	2019,21187,4439
mileage	2019,21140,8977
hosting	2019,21137,9866
mortars	2019,21100,5306
screech	2019,21097,14005
coffins	2019,21083,9346
oceanic	2019,21075,5618
private	2019,21071,12825
decimal	2019,21046,5583
tillage	2019,21016,3662
victors	2019,21002,11752
handgun	2019,20998,7691
blocker	2019,20958,4329
gourmet	2019,20942,9567
adverbs	2019,20910,4172
boilers	2019,20888,6483
puddles	2019,20877,13955
riddles	2019,20876,11065
saddles	2019,20873,9117
flowery	2019,20858,13993
hectare	2019,20790,4733
overlay	2019,20784,8173
panther	2019,20756,7854
tumbler	2019,20697,10009
sponges	2019,20668,7189
toluene	2019,20654,3021
analogs	2019,20617,4887
passive	2019,20590,10935
emitter	2019,20585,3554
placing	2019,20537,14130
antique	2019,20535,11747
gunners	2019,20527,5403
booking	2019,20503,8769
sucking	2019,20499,10934
creases	2019,20497,12718
terrier	2019,20472,8294
reliefs	2019,20471,6127
priming	2019,20416,4630
coupons	2019,20375,7085
avarice	2019,20372,10339
takeoff	2019,20372,7571
payback	2019,20360,9712
turkeys	2019,20357,7658
bigotry	2019,20355,10750
sticker	2019,20353,11469
myeloma	2019,20309,2198
mimicry	2019,20277,8612
bullies	2019,20253,10627
adenoma	2019,20218,1460
reptile	2019,20187,9511
wayside	2019,20179,13551
craters	2019,20118,6726
devotee	2019,20116,9018
hairpin	2019,20115,6381
plating	2019,20053,5550
follies	2019,20042,10651
moaning	2019,20040,11766
phalanx	2019,20017,6135
premier	2019,19996,7377
hammers	2019,19995,11858
cyclone	2019,19977,7439
bailiff	2019,19948,5511
coolant	2019,19946,2657
montage	2019,19934,6295
fillets	2019,19898,3950
laminar	2019,19890,3323
getaway	2019,19870,12407
cripple	2019,19867,10013
galleys	2019,19831,4991
sternum	2019,19831,7131
primers	2019,19829,3791
begging	2019,19820,13057
sundown	2019,19820,11357
marvels	2019,19805,11884
amnesty	2019,19779,7242
acclaim	2019,19778,12712
payoffs	2019,19778,4646
reentry	2019,19766,4495
wreaths	2019,19765,11072
layouts	2019,19758,7168
novella	2019,19701,6377
venison	2019,19700,7638
mercies	2019,19659,9801
locusts	2019,19647,8228
hopeful	2019,19615,15793
widower	2019,19580,11931
roaming	2019,19576,13629
emblems	2019,19563,9889
soprano	2019,19562,6009
orchids	2019,19517,7462
ketchup	2019,19487,8572
artisan	2019,19480,9718
hatchet	2019,19425,9210
headset	2019,19419,6972
hilltop	2019,19416,8926
fervour	2019,19392,10991
pancake	2019,19371,9846
funders	2019,19364,6193
respond	2019,19343,14749
pulsing	2019,19340,11365
newness	2019,19333,12084
optimum	2019,19330,6721
cannula	2019,19328,2489
ballots	2019,19302,5780
drinker	2019,19295,12621
gorilla	2019,19288,7059
octopus	2019,19270,7931
stuffed	2019,19249,12384
fishers	2019,19212,4861
nesting	2019,19202,7436
shading	2019,19190,7405
sonnets	2019,19165,4937
nurture	2019,19158,10089
mussels	2019,19093,5382
urinary	2019,19049,3227
tequila	2019,19048,6079
paddock	2019,19041,5539
hashtag	2019,19033,5508
alumina	2019,19025,3042
papyrus	2019,19012,4506
revolts	2019,18998,8921
bushels	2019,18969,5489
interim	2019,18945,12882
eunuchs	2019,18920,4129
generic	2019,18918,10660
arbiter	2019,18875,12152
humerus	2019,18875,2089
cobwebs	2019,18810,13058
goblins	2019,18809,4327
outcast	2019,18794,12592
macular	2019,18773,2592
perusal	2019,18764,11959
dossier	2019,18746,6335
toolbar	2019,18734,1548
warship	2019,18705,5929
rentals	2019,18692,6981
feeders	2019,18687,5910
lawless	2019,18643,11360
undoing	2019,18620,13391
caprice	2019,18606,9533
closets	2019,18593,12255
taverns	2019,18590,8440
cutlery	2019,18559,11495
bulwark	2019,18547,11749
yoghurt	2019,18537,3928
coffers	2019,18526,11734
fulness	2019,18507,7821
stalker	2019,18496,7445
filings	2019,18460,5873
cartels	2019,18439,4843
dosages	2019,18407,6187
assists	2019,18406,10250
stained	2019,18380,12215
convert	2019,18363,10474
ascites	2019,18359,1961
accords	2019,18354,9646
canyons	2019,18353,6253
coffees	2019,18353,9086
fetters	2019,18291,9631
orbital	2019,18264,2715
intakes	2019,18244,4033
perjury	2019,18240,6685
mosaics	2019,18228,6275
synapse	2019,18204,3279
heretic	2019,18203,7491
operate	2019,18158,10413
mascara	2019,18155,10230
turrets	2019,18155,8923
spirals	2019,18154,9350
ticking	2019,18151,12767
wizards	2019,18145,5656
medulla	2019,18140,2678
inroads	2019,18108,12910
touring	2019,18102,7724
debacle	2019,18081,11660
amalgam	2019,18061,9850
lockers	2019,18054,8705
looting	2019,18040,8676
rangers	2019,18022,4626
ginseng	2019,18021,2853
stamens	2019,18014,1817
rancher	2019,18013,5244
bastion	2019,17995,10067
pharynx	2019,17957,3001
lateral	2019,17944,4166
propane	2019,17924,5398
vestige	2019,17920,12885
mystics	2019,17885,6415
osmosis	2019,17883,5363
grudges	2019,17862,10184
guitars	2019,17859,7028
thrones	2019,17834,8924
oration	2019,17831,8402
gastric	2019,17781,3310
brocade	2019,17776,8102
epitaph	2019,17773,8426
laissez	2019,17768,7388
scalpel	2019,17766,7835
tenders	2019,17752,6129
decoder	2019,17725,2380
nemesis	2019,17704,11638
janitor	2019,17676,8639
concise	2019,17670,12364
chassis	2019,17661,4564
musings	2019,17655,12570
nervosa	2019,17642,2248
workday	2019,17634,10774
campers	2019,17624,5189
fireman	2019,17624,7842
pervert	2019,17615,7316
doublet	2019,17585,4760
jasmine	2019,17543,8299
caveats	2019,17533,11664
bitcoin	2019,17531,1660
lactose	2019,17522,2820
consuls	2019,17521,3731
tresses	2019,17476,9585
denials	2019,17455,10566
furrows	2019,17449,10076
lighter	2019,17445,11662
rubbing	2019,17435,9852
interns	2019,17420,6368
daisies	2019,17395,9792
bitches	2019,17384,8105
surfing	2019,17372,6826
convict	2019,17368,5147
annulus	2019,17365,1953
hostile	2019,17362,12931
tantrum	2019,17347,11035
knuckle	2019,17345,10348
binders	2019,17330,6064
issuers	2019,17324,2079
bitumen	2019,17314,2995
wrinkle	2019,17304,12082
drapery	2019,17302,8044
rotator	2019,17291,1731
ailment	2019,17288,11762
nostril	2019,17261,7197
ravines	2019,17255,8174
vassals	2019,17217,5904
orators	2019,17208,7424
abusers	2019,17196,6587
cayenne	2019,17195,3121
overuse	2019,17183,8363
minions	2019,17138,9029
niggers	2019,17131,4588
shovels	2019,17131,10321
eyeball	2019,17080,7909
pyjamas	2019,17031,7595
vulture	2019,17009,7876
baronet	2019,16969,3518
couplet	2019,16954,5727
fanfare	2019,16949,12707
believe	2019,16941,11138
widgets	2019,16940,2142
steeple	2019,16924,9269
potions	2019,16920,7381
gametes	2019,16915,1939
bandgap	2019,16910,1023
clamour	2019,16900,9490
coyotes	2019,16859,5586
slander	2019,16851,9692
casinos	2019,16840,6317
cassava	2019,16830,3316
carbons	2019,16816,3063
footmen	2019,16805,6274
licking	2019,16793,7363
isomers	2019,16770,2637
optimal	2019,16754,8529
jungles	2019,16733,8990
runways	2019,16700,3865
solutes	2019,16697,2873
syncope	2019,16687,2275
saucers	2019,16671,10572
biochar	2019,16667,664
chateau	2019,16619,3541
locking	2019,16571,6667
armpits	2019,16565,11425
routers	2019,16513,2550
viceroy	2019,16512,3774
saffron	2019,16510,5778
voucher	2019,16508,5381
roubles	2019,16499,1430
firemen	2019,16448,7802
kinsmen	2019,16402,6494
doorman	2019,16376,6969
antlers	2019,16356,7234
sublime	2019,16345,6520
maxilla	2019,16324,1274
cistern	2019,16321,5175
billows	2019,16286,8848
plenary	2019,16286,6096
charade	2019,16237,10538
oocytes	2019,16227,1386
dipping	2019,16217,8677
sawdust	2019,16210,8815
neonate	2019,16203,2121
raiment	2019,16200,7722
gathers	2019,16178,12321
stirrup	2019,16172,6975
parrots	2019,16162,7123
shimmer	2019,16155,10158
epigram	2019,16134,4695
archery	2019,16110,6370
saviour	2019,16069,9150
shuffle	2019,16062,10159
backups	2019,16040,3718
hamster	2019,16031,5816
glycine	2019,16026,3371
rioting	2019,16010,8920
garland	2019,16002,7968
wailing	2019,15999,11396
climber	2019,15995,7262
earlobe	2019,15975,8250
panacea	2019,15971,11237
special	2019,15971,12019
tempers	2019,15945,11585
saloons	2019,15942,5943
postman	2019,15904,8216
ambient	2019,15897,5888
rubrics	2019,15893,4108
cinemas	2019,15846,6045
whaling	2019,15827,3452
ranches	2019,15808,5851
proline	2019,15800,2194
tagging	2019,15789,5952
ashtray	2019,15753,7884
scooter	2019,15746,5256
plasmon	2019,15670,1330
hangers	2019,15665,10600
relates	2019,15664,10884
trinity	2019,15644,7507
rundown	2019,15610,10876
agonies	2019,15600,9760
heaters	2019,15592,6368
turnips	2019,15587,6858
trouser	2019,15574,9080
fosters	2019,15572,10838
bureaus	2019,15560,6127
reproof	2019,15533,8695
deacons	2019,15481,4515
tonnage	2019,15455,5132
callers	2019,15453,8549
headers	2019,15449,3906
mantras	2019,15438,5212
howling	2019,15435,10430
signage	2019,15432,7081
cobbler	2019,15425,6884
troughs	2019,15411,8383
scrapes	2019,15408,10730
savanna	2019,15405,2581
mimesis	2019,15384,3524
juniper	2019,15364,5668
broiler	2019,15351,2587
chalice	2019,15347,6173
fathoms	2019,15340,5148
mooring	2019,15340,4726
prosody	2019,15336,3117
cracker	2019,15269,8275
politic	2019,15264,7323
catfish	2019,15248,4479
chattel	2019,15246,5284
grinder	2019,15224,7391
inferno	2019,15224,9985
escorts	2019,15223,7455
proviso	2019,15215,8611
egotism	2019,15210,7876
pouches	2019,15181,7747
laurels	2019,15158,9971
invader	2019,15155,8796
tiptoes	2019,15146,9943
outings	2019,15127,10224
lagoons	2019,15123,4427
fetuses	2019,15112,3864
cargoes	2019,15103,6090
crackle	2019,15092,10353
chakras	2019,15057,2015
modicum	2019,15057,11388
snippet	2019,15055,5474
vagrant	2019,15042,7437
blemish	2019,15040,8643
avatars	2019,15008,5256
bidders	2019,14998,4464
ferment	2019,14998,8530
alveoli	2019,14989,2247
sceptre	2019,14988,6364
polemic	2019,14985,6853
alkenes	2019,14975,1064
blister	2019,14975,6690
haggard	2019,14943,10168
swagger	2019,14925,10684
isthmus	2019,14891,4061
wedlock	2019,14887,8828
backlog	2019,14847,6123
dwarves	2019,14798,2379
airship	2019,14786,2247
myriads	2019,14780,8269
bellows	2019,14752,8003
banging	2019,14713,10728
goodies	2019,14711,9646
svarade	2018,14702,88
alfalfa	2019,14694,3971
satiety	2019,14676,5073
scrotum	2019,14662,3433
liquors	2019,14646,6749
carrion	2019,14637,6952
burners	2019,14636,6694
coverts	2019,14630,1455
rampart	2019,14620,5934
paddles	2019,14609,6799
issuing	2019,14589,7159
airlock	2019,14580,1814
prodigy	2019,14575,9040
tensors	2019,14568,1874
ferries	2019,14548,5020
tetanus	2019,14516,4219
finesse	2019,14462,9272
plumber	2019,14458,7841
shingle	2019,14431,6851
gangway	2019,14429,5501
exclaim	2019,14374,8738
shamans	2019,14359,3615
convoys	2019,14350,4626
sidebar	2019,14346,3452
onstage	2019,14341,5012
mitosis	2019,14323,2711
elitist	2019,14300,8388
boudoir	2019,14292,5875
tribune	2019,14278,3190
informa	2019,14274,13481
notches	2019,14259,8267
burrows	2019,14244,5377
fleeing	2019,14244,10298
ledgers	2019,14235,5829
subtext	2019,14230,7840
sabbath	2019,14229,2791
messiah	2019,14218,4251
giraffe	2019,14213,5784
tankers	2019,14195,4593
solvers	2019,14194,4594
tellers	2019,14188,7903
juniors	2019,14182,7379
defines	2019,14144,10508
accuser	2019,14125,7344
buckles	2019,14124,8949
recluse	2019,14106,8107
telecom	2019,14090,4031
induces	2019,14067,6614
grantor	2019,14059,1184
nuggets	2019,14054,8289
concord	2019,14049,6655
sanctum	2019,14017,8324
bunkers	2019,13974,4745
engages	2019,13956,9987
cookery	2019,13951,6468
tangles	2019,13950,8132
outcrop	2019,13941,5239
upsurge	2019,13928,8886
harbors	2019,13927,5971
boating	2019,13925,7441
padlock	2019,13905,7175
comings	2019,13895,10758
scapula	2019,13892,1992
alimony	2019,13890,3346
meiosis	2019,13888,1584
zeolite	2019,13875,1338
webpage	2019,13864,6720
nitride	2019,13858,1898
backers	2019,13836,7390
blogger	2019,13836,6126
bequest	2019,13831,6422
scuffle	2019,13812,10218
candour	2019,13800,7027
rascals	2019,13792,7513
censors	2019,13760,5495
parasol	2019,13760,6271
martini	2019,13708,5428
gutters	2019,13706,8807
nitrite	2019,13701,2605
sampler	2019,13699,3738
styrene	2019,13682,2160
milking	2019,13664,5206
skating	2019,13664,6895
thrills	2019,13638,9535
cytosol	2019,13629,2232
stopper	2019,13600,6983
calcite	2019,13591,1932
selfies	2019,13580,6954
patties	2019,13567,4179
tailors	2019,13554,7512
asylums	2019,13548,4939
changer	2019,13523,9341
earning	2019,13514,8813
rhubarb	2019,13513,4647
canines	2019,13497,4939
daycare	2019,13486,5242
immense	2019,13465,10000
cronies	2019,13457,8672
simplex	2019,13455,3252
framers	2019,13397,3811
divider	2019,13391,5079
anthrax	2019,13374,2956
glenoid	2019,13340,488
trophic	2019,13307,2215
wasting	2019,13303,8246
psychic	2019,13294,5699
candies	2019,13284,7201
atresia	2019,13272,1081
watcher	2019,13268,8124
moniker	2019,13264,9312
keyhole	2019,13256,7904
offsets	2019,13240,3975
slipper	2019,13235,6925
functor	2019,13228,425
picnics	2019,13225,9263
buttery	2019,13222,7251
missive	2019,13217,7686
beacons	2019,13201,7022
herders	2019,13201,3958
growths	2019,13168,7152
cochlea	2019,13162,1483
wallets	2019,13109,6894
suckers	2019,13102,6984
seeding	2019,13097,4584
ventral	2019,13097,2320
stipend	2019,13083,7855
settlor	2019,13082,412
exudate	2019,13079,2166
pickets	2019,13073,4274
filming	2019,13016,5714
raccoon	2019,13016,5395
jawline	2019,12996,7863
hissing	2019,12991,9220
facades	2019,12988,5943
batting	2019,12982,3390
ductile	2019,12955,2556
tatters	2019,12951,9892
playboy	2019,12905,6487
inserts	2019,12881,5433
varnish	2019,12853,6259
rescuer	2019,12846,7104
bacilli	2019,12829,2306
toaster	2019,12825,7027
magnate	2019,12822,7506
lullaby	2019,12780,8103
ruffian	2019,12768,6630
arcades	2019,12757,5364
seepage	2019,12757,3415
mishaps	2019,12733,9696
snipers	2019,12706,4826
diatoms	2019,12700,1466
hedging	2019,12694,2662
denture	2019,12650,971
leaving	2019,12643,9794
rioters	2019,12630,5166
capitol	2019,12620,5528
netting	2019,12617,6411
tannins	2019,12614,2157
scepter	2019,12611,4322
readout	2019,12607,3806
sunsets	2019,12594,8551
bullock	2019,12592,4385
caspase	2019,12580,1488
cupcake	2019,12580,4059
cobbles	2019,12576,4939
granule	2019,12573,2307
halides	2019,12573,1555
travail	2019,12544,6281
obligor	2019,12531,683
violins	2019,12521,5857
plunger	2019,12516,4159
cranium	2019,12511,4930
recycle	2019,12510,4904
takings	2019,12502,3472
microbe	2019,12497,3789
conquer	2019,12494,9226
moderns	2019,12494,5915
omnibus	2019,12486,5284
dummies	2019,12479,5558
hamlets	2019,12472,6232
vapours	2019,12433,5511
wastage	2019,12432,5830
sheaves	2019,12431,5890
larceny	2019,12430,4123
pundits	2019,12418,6684
hemlock	2019,12411,5037
roofing	2019,12402,6032
parsing	2019,12394,3352
provost	2019,12380,3790
florist	2019,12374,6309
elegans	2019,12369,2044
fulcrum	2019,12348,6780
serials	2019,12330,2542
anyways	2019,12328,6126
mariner	2019,12323,5841
cartons	2019,12263,6943
trapper	2019,12263,3151
propria	2019,12246,2193
boomers	2019,12233,4255
poppies	2019,12233,6499
rocking	2019,12230,8931
throngs	2019,12216,8684
elution	2019,12201,1675
beeline	2019,12179,8583
canning	2019,12162,3880
gliomas	2019,12154,995
oxalate	2019,12145,1983
standby	2019,12142,7437
penguin	2019,12141,4261
tabular	2019,12138,5224
boatman	2019,12130,4970
machete	2019,12129,4627
cuticle	2019,12127,3074
overall	2019,12127,7924
waivers	2019,12111,3776
revelry	2019,12101,8260
winning	2019,12095,8903
prelate	2019,12094,3949
lasagna	2019,12079,4867
amylase	2019,12076,2298
phenols	2019,12067,2621
pharaoh	2019,12064,2770
oxidant	2019,12061,2439
adenine	2019,12060,3013
takeout	2019,12047,6670
liqueur	2019,12027,4745
nozzles	2019,12021,3151
digoxin	2019,11997,1186
amulets	2019,11994,4194
infarct	2019,11975,1857
lackeys	2019,11959,5125
blushes	2019,11954,7434
mulatto	2019,11935,3534
halogen	2019,11916,3440
caribou	2019,11900,2152
soaking	2019,11900,8293
gullies	2019,11892,4923
uveitis	2019,11892,1215
bullion	2019,11885,3795
backend	2019,11850,2915
gossips	2019,11850,7596
badness	2019,11844,5675
sheaths	2019,11836,4928
thither	2019,11825,6256
piglets	2019,11815,2502
typhoid	2019,11798,5277
gentile	2019,11797,2849
pursuer	2019,11789,7061
verdure	2019,11788,5897
ciphers	2019,11780,3482
patella	2019,11779,1300
patency	2019,11773,1545
confess	2019,11765,9035
purpura	2019,11758,1320
girders	2019,11757,3549
granola	2019,11746,4849
dearest	2019,11745,7068
scruple	2019,11744,6533
cyclist	2019,11725,4623
antiwar	2019,11720,3586
ingress	2019,11719,4687
paprika	2019,11712,2752
cheddar	2019,11710,4046
handout	2019,11707,5351
tanning	2019,11664,4856
cliques	2019,11659,5594
shekels	2019,11648,1871
twofold	2019,11625,9584
mittens	2019,11620,6170
opiates	2019,11616,4046
myalgia	2019,11611,1397
fanatic	2019,11605,8350
glazing	2019,11598,3813
viscera	2019,11598,4345
maggots	2019,11585,5746
tilapia	2019,11575,1523
corolla	2019,11569,942
trypsin	2019,11565,2137
stylist	2019,11562,5880
gypsies	2019,11558,4702
styling	2019,11547,4911
dweller	2019,11529,7567
bouncer	2019,11523,5207
earthen	2019,11515,6899
famines	2019,11502,5582
squalor	2019,11497,8313
hippies	2019,11492,5497
gondola	2019,11491,3227
melanin	2019,11487,2714
garages	2019,11486,7041
hydrate	2019,11439,2620
uplands	2019,11435,4977
urchins	2019,11432,5976
brewers	2019,11425,2899
cabaret	2019,11411,4423
dimness	2019,11394,7352
steppes	2019,11385,4181
usurper	2019,11385,5545
divisor	2019,11379,1877
ribcage	2019,11377,6443
fainter	2019,11344,7462
wardens	2019,11327,4487
gelding	2019,11324,3038
elitism	2019,11320,6203
fibrils	2019,11319,2043
seaport	2019,11312,6294
lichens	2019,11307,3739
yellows	2019,11306,7527
ovation	2019,11303,7533
bonnets	2019,11289,6530
phobias	2019,11279,4149
rapists	2019,11247,5609
skewers	2019,11228,3956
bailout	2019,11218,3257
obelisk	2019,11214,4259
condyle	2019,11203,845
hotspot	2019,11188,4859
inhaler	2019,11171,2490
lioness	2019,11170,5118
cheques	2019,11166,4881
loafers	2019,11159,7459
rampage	2019,11118,7947
cruises	2019,11113,4008
earring	2019,11110,5351
warlord	2019,11101,3681
florets	2019,11066,2298
magenta	2019,11063,5428
papules	2019,11053,1136
tooling	2019,11051,3096
mummies	2019,11033,4717
chimera	2019,11025,5514
statins	2019,11001,1791
cymbals	2019,10995,5302
wickets	2019,10994,1268
alanine	2019,10993,2912
infidel	2019,10976,5311
outlays	2019,10961,4091
glosses	2019,10956,3532
phallus	2019,10951,3329
crayons	2019,10940,6299
waffles	2019,10928,4846
weekday	2019,10923,7533
layoffs	2019,10914,4561
porches	2019,10888,7042
sweeter	2019,10875,8810
waggons	2019,10861,2911
cadaver	2019,10856,4438
boatmen	2019,10852,4782
hostels	2019,10840,4085
storeys	2019,10823,5359
extents	2019,10795,5798
caching	2019,10769,1739
beavers	2019,10754,3746
trellis	2019,10749,5349
hangman	2019,10731,5551
regress	2019,10722,4606
freemen	2019,10703,3909
languor	2019,10702,6620
thermos	2019,10694,5804
profuse	2019,10658,7278
skeptic	2019,10649,4988
stardom	2019,10649,4570
ghettos	2019,10645,4432
thistle	2019,10643,4773
enabler	2019,10640,5847
tracers	2019,10626,2844
charmer	2019,10622,7002
checker	2019,10612,4218
wetting	2019,10605,3462
cements	2019,10593,2574
diggers	2019,10590,5085
tassels	2019,10585,6742
alkanes	2019,10579,1562
sandbox	2019,10571,3980
tingles	2019,10536,5652
femoral	2019,10519,1693
subsoil	2019,10473,2902
hatches	2019,10465,5270
armrest	2019,10445,6608
blouses	2019,10442,7067
hideout	2019,10441,5586
striker	2019,10433,3108
peddler	2019,10415,4246
singlet	2019,10388,2868
calibre	2019,10385,6725
coppers	2019,10383,4849
cinders	2019,10372,6489
tonsils	2019,10359,3859
chancel	2019,10353,3471
sapling	2019,10351,6001
spittle	2019,10348,7174
rubella	2019,10343,2262
coterie	2019,10336,6419
brownie	2019,10330,4577
knocker	2019,10323,6103
echelon	2019,10321,4771
poplars	2019,10321,5042
raiding	2019,10319,4471
laments	2019,10308,5621
pallets	2019,10286,4762
alludes	2019,10283,6383
humours	2019,10283,4407
paupers	2019,10229,5008
figment	2019,10227,8059
marquee	2019,10220,5069
placard	2019,10203,6341
camphor	2019,10198,4391
regalia	2019,10185,6190
orderly	2019,10174,4856
leeches	2019,10168,5121
mangoes	2019,10156,4365
keratin	2019,10154,2160
choline	2019,10147,2167
mandala	2019,10136,1674
parotid	2019,10132,1303
matrons	2019,10095,5570
panoply	2019,10095,7650
surfers	2019,10093,3361
lacquer	2019,10078,4343
bulldog	2019,10071,6029
pontoon	2019,10063,2989
wheeler	2019,10056,5369
renters	2019,10051,4176
florins	2019,10046,2004
microns	2019,10021,3510
slaying	2019,9999,5167
arguing	2019,9970,8648
playoff	2019,9965,1858
sorbent	2019,9964,984
hillock	2019,9922,5295
carbine	2019,9918,3116
aniline	2019,9914,2030
anthers	2019,9905,921
kettles	2019,9887,5884
paragon	2019,9883,7206
calculi	2019,9882,1535
sunburn	2019,9874,5897
pogroms	2019,9862,3349
handset	2019,9861,4500
butanol	2019,9853,1501
acquire	2019,9844,7570
dantian	2019,9838,1140
serfdom	2019,9833,3818
topsoil	2019,9824,3648
pickers	2019,9820,4308
papilla	2019,9817,1134
heralds	2019,9813,5607
pitfall	2019,9810,6473
gallant	2019,9806,5802
cornice	2019,9797,3871
varsity	2019,9776,3603
stellar	2019,9775,4166
analyse	2019,9767,6554
minivan	2019,9758,4105
jumpers	2019,9749,5337
squires	2019,9741,3358
similes	2019,9724,4392
pardons	2019,9715,4681
soluble	2019,9711,3859
archaea	2019,9708,1437
anglers	2019,9707,2052
wharves	2019,9702,4482
gasping	2019,9698,7467
rasping	2019,9685,6947
crochet	2019,9675,2654
pulleys	2019,9674,5108
upstart	2019,9672,7115
weaning	2019,9658,2530
cantons	2019,9657,2321
hopping	2019,9655,5026
shrinks	2019,9647,7532
hookups	2019,9630,2228
shatter	2019,9623,7211
headman	2019,9615,2455
ricotta	2019,9615,1941
mongrel	2019,9613,5907
aptamer	2019,9599,535
jeweler	2019,9593,4882
racists	2019,9585,4679
hugging	2019,9545,7534
meteors	2019,9538,4058
goblets	2019,9536,5486
impiety	2019,9536,4650
wangfei	2019,9514,455
casings	2019,9504,5010
equinox	2019,9493,3370
quinine	2019,9484,3877
nirvana	2019,9440,4109
timings	2019,9427,5223
nannies	2019,9420,4422
squeals	2019,9418,6781
cashews	2019,9412,2389
coolies	2019,9411,2317
purport	2019,9408,5592
shaking	2019,9406,7346
forging	2019,9391,4583
pillage	2019,9391,5664
lapping	2019,9380,6663
flaring	2019,9370,6471
hyaline	2019,9370,1785
rattles	2019,9368,6137
lorries	2019,9361,4077
shopper	2019,9339,4979
spinner	2019,9332,3812
nettles	2019,9318,5095
wishing	2019,9301,6773
jackass	2019,9300,5727
untruth	2019,9298,5867
triceps	2019,9290,2200
innards	2019,9288,6383
staffer	2019,9283,3932
plasmas	2019,9275,978
utopias	2019,9273,3347
brisket	2019,9270,2013
america	2019,9268,2263
swathes	2019,9254,6636
makings	2019,9247,7751
bronchi	2019,9246,1845
crowbar	2019,9233,4485
necktie	2019,9229,5434
gearbox	2019,9215,1814
helices	2019,9207,1795
morsels	2019,9204,7073
vitriol	2019,9201,6020
adverts	2019,9190,4215
scraper	2019,9179,3414
ketosis	2019,9178,1097
crewmen	2019,9172,2947
pennant	2019,9153,2925
shallot	2019,9147,1497
jubilee	2019,9141,4643
mending	2019,9139,6457
undress	2019,9127,6899
snowman	2019,9123,3485
typhoon	2019,9123,3550
fistful	2019,9122,6700
gazelle	2019,9107,4452
cyclase	2019,9099,1512
rhizome	2019,9096,2044
beehive	2019,9091,5937
hickory	2019,9090,4109
arching	2019,9079,5647
discard	2019,9078,4264
keynote	2019,9078,6012
javelin	2019,9070,3974
restart	2019,9069,3889
shaving	2019,9059,6291
zoology	2019,9049,4692
chatbot	2019,9040,976
germane	2019,9033,5997
buttock	2019,9031,4008
apricot	2019,9027,4836
testers	2019,9025,3275
jackals	2019,9023,4067
itching	2019,9012,4412
chasing	2019,9010,6707
mammary	2019,9008,1893
parlors	2019,9000,5286
warlock	2019,8995,1420
aviator	2019,8976,3914
jamming	2019,8960,3198
probity	2019,8960,5490
outages	2019,8956,3654
isolate	2019,8953,2228
spaniel	2019,8950,4600
refuges	2019,8933,4353
buddhas	2019,8921,858
baseman	2019,8918,1298
amenity	2019,8908,3895
halberd	2019,8907,1570
coolers	2019,8904,4491
gilding	2019,8893,5287
sawmill	2019,8892,3648
risotto	2019,8881,2571
phonons	2019,8873,829
sinless	2019,8869,3927
dipoles	2019,8866,1812
ironies	2019,8854,6112
pipette	2019,8853,1955
rosette	2019,8849,3149
rubbers	2019,8847,3667
batsman	2019,8840,1272
barrack	2019,8837,3750
ovarian	2019,8813,2218
foibles	2019,8808,6712
lectern	2019,8806,4631
slashes	2019,8794,5978
obtains	2019,8785,4858
peaking	2019,8777,5410
godsend	2019,8773,7382
secular	2019,8750,4701
hotline	2019,8749,4642
refunds	2019,8736,3395
prickle	2019,8733,5770
golfers	2019,8731,2706
damsels	2019,8730,4496
sequins	2019,8729,4418
suppers	2019,8727,5809
bromine	2019,8726,1985
mitubag	2018,8721,120
linings	2019,8716,4274
sceptic	2019,8715,3982
trident	2019,8715,3172
turnoff	2019,8713,3858
isoform	2019,8712,1696
sprites	2019,8705,2572
woodcut	2019,8678,2826
memento	2019,8665,6822
warhead	2019,8663,2191
epitope	2019,8657,1266
agarose	2019,8650,1673
thrives	2019,8645,7146
calumny	2019,8622,4928
signers	2019,8615,2684
leucine	2019,8609,2217
deviant	2019,8605,4352
betters	2019,8604,5660
slowing	2019,8598,5061
phonics	2019,8595,1307
karaoke	2019,8593,4013
jukebox	2019,8589,4226
guanine	2019,8585,2436
maestro	2019,8581,3721
hackles	2019,8579,5868
slivers	2019,8577,5957
pincers	2019,8572,4803
catwalk	2019,8555,3511
fusions	2019,8546,2713
hexagon	2019,8512,3217
brazier	2019,8500,3670
litters	2019,8499,3456
hitters	2019,8497,2186
peerage	2019,8497,3972
growing	2019,8492,6315
dawning	2019,8491,6583
flushes	2019,8490,4409
redwood	2019,8473,3644
billets	2019,8449,3184
tankard	2019,8448,3038
rectory	2019,8445,2860
harpoon	2019,8436,2224
bygones	2019,8435,3734
octaves	2019,8421,3540
beeswax	2019,8419,3920
android	2019,8413,1773
elector	2019,8413,2218
accrual	2019,8406,2625
lodgers	2019,8401,3777
blanche	2019,8395,5569
perfidy	2019,8392,5156
gallium	2019,8390,2043
chiffon	2019,8384,4688
washout	2019,8366,2949
alkynes	2019,8355,613
dusting	2019,8352,6533
momenta	2019,8348,1266
stepson	2019,8335,4349
sledges	2019,8329,2278
volleys	2019,8318,4862
baboons	2019,8316,2792
incisor	2019,8307,1321
realtor	2019,8307,3501
shrouds	2019,8307,4378
avenger	2019,8305,4346
surmise	2019,8301,5700
lobbies	2019,8300,5256
pistons	2019,8292,3504
skaters	2019,8279,2936
trestle	2019,8274,4295
linkers	2019,8245,1282
fellers	2019,8233,2607
nominal	2019,8232,3508
gingiva	2019,8224,734
centaur	2019,8213,2267
soymilk	2019,8213,336
checkup	2019,8211,5548
quieter	2019,8209,7237
stomata	2019,8208,1233
coronet	2019,8205,4117
ciliary	2019,8203,1157
hernias	2019,8203,1171
rebates	2019,8199,2902
taurine	2019,8198,916
glycans	2019,8191,694
detours	2019,8185,6338
shrimps	2019,8182,3456
rivulet	2019,8178,4909
micelle	2019,8174,1199
rollout	2019,8171,3396
avidity	2019,8155,5018
splints	2019,8151,3013
systole	2019,8148,1389
differs	2019,8145,6768
naivety	2019,8137,5877
ferrite	2019,8131,934
vesting	2019,8124,1290
bangles	2019,8118,4062
ruffles	2019,8111,5213
creeper	2019,8110,4521
radians	2019,8105,1992
pickups	2019,8099,3463
dieting	2019,8097,3006
rickets	2019,8086,2125
triples	2019,8084,1942
decease	2019,8077,4398
herbage	2019,8070,3529
icicles	2019,8066,5689
flexure	2019,8052,1524
sorties	2019,8052,2774
concave	2019,8048,4158
chemise	2019,8043,2910
orality	2019,8043,2271
coupler	2019,8033,1211
airfoil	2019,8031,597
dailies	2019,8002,3798
stutter	2019,8001,5451
magneto	2019,7997,1586
mourner	2019,7996,4879
fatness	2019,7994,2888
kennels	2019,7973,3469
pinning	2019,7972,3429
nullity	2019,7971,2737
phoenix	2019,7965,2434
pretest	2019,7952,1681
griddle	2019,7948,3225
critter	2019,7947,3834
soloist	2019,7940,2604
animate	2019,7928,4546
foremen	2019,7923,3523
odyssey	2019,7919,5258
cession	2019,7915,2855
proving	2019,7909,5524
adjoint	2019,7899,1181
matting	2019,7897,4244
relaxes	2019,7883,5212
jackpot	2019,7871,5612
tendril	2019,7871,4525
hangout	2019,7869,4994
portent	2019,7845,5675
mitzvah	2019,7837,1894
sunbeam	2019,7837,5070
gunwale	2019,7836,3007
divines	2019,7827,3299
torques	2019,7815,1465
regency	2019,7811,2886
maximal	2019,7806,3435
curtsey	2019,7801,3778
cassock	2019,7800,3295
showman	2019,7797,4501
nunnery	2019,7790,3436
hiccups	2019,7779,5465
bracken	2019,7770,3268
rostrum	2019,7768,3033
palazzo	2019,7766,1750
barmaid	2019,7765,3373
trusses	2019,7753,2144
hydride	2019,7748,1329
ization	2019,7744,1963
combats	2019,7736,4115
banding	2019,7734,2760
chutney	2019,7733,2262
lamprey	2019,7719,782
bluster	2019,7710,6373
bunnies	2019,7709,4482
codeine	2019,7709,2258
hearths	2019,7706,4127
misstep	2019,7705,6480
adducts	2019,7697,1370
pontiff	2019,7688,2428
bitters	2019,7685,2226
fuckers	2019,7680,3878
aquatic	2019,7667,3260
corneum	2019,7657,938
tracery	2019,7655,3790
sultans	2019,7653,2142
plantar	2019,7626,1090
taxicab	2019,7613,2720
shaming	2019,7597,4035
boarder	2019,7582,4248
unities	2019,7582,3317
tossing	2019,7581,5880
grantee	2019,7580,1436
impairs	2019,7573,3633
