example	2019,6755565,183564
nothing	2019,5431131,198137
country	2019,4209487,179744
control	2019,3970945,187501
problem	2019,3951175,186838
history	2019,3825173,185110
someone	2019,3620911,164806
company	2019,3213173,174286
morning	2019,3190345,166937
chapter	2019,3093468,136751
support	2019,2907985,179449
service	2019,2848522,174406
society	2019,2713193,143692
century	2019,2583706,137990
section	2019,2561092,155183
surface	2019,2532778,154370
culture	2019,2442337,123371
context	2019,2371878,110786
account	2019,2359746,169416
quality	2019,2352628,162355
brother	2019,2341515,138434
disease	2019,2327222,106100
project	2019,2314040,137431
purpose	2019,2230341,189639
percent	2019,2177196,96310
ability	2019,2146953,169250
thought	2019,2118826,171448
patient	2019,2000944,101776
product	2019,1984292,136542
husband	2019,1916832,133954
program	2019,1903434,108823
capital	2019,1898977,116584
respect	2019,1846613,172981
subject	2019,1818069,168021
network	2019,1805863,102079
concept	2019,1803881,123974
science	2019,1786595,132144
feeling	2019,1733207,163522
meaning	2019,1729159,156657
reality	2019,1704976,164612
student	2019,1626259,122212
evening	2019,1595158,140781
content	2019,1566048,146153
meeting	2019,1493325,155944
contact	2019,1465787,161833
freedom	2019,1420934,144998
failure	2019,1417283,143293
economy	2019,1398950,92570
picture	2019,1388027,180050
justice	2019,1362679,115509
message	2019,1343719,151704
teacher	2019,1333977,114362
opinion	2019,1300063,150326
kitchen	2019,1276226,111166
variety	2019,1265579,147470
trouble	2019,1205306,153186
silence	2019,1203255,129294
pattern	2019,1198950,137543
village	2019,1175932,99615
version	2019,1170643,144450
therapy	2019,1151307,49790
concern	2019,1132530,151977
machine	2019,1097404,122470
balance	2019,1086211,149601
element	2019,1066705,128594
journey	2019,1029596,141245
article	2019,1025552,118044
attempt	2019,1024019,157292
officer	2019,1010822,97079
protein	2019,1010593,29995
measure	2019,999270,139866
station	2019,992542,119165
absence	2019,978825,145834
reading	2019,963680,139017
writing	2019,961553,136634
climate	2019,954953,87753
passage	2019,952305,119329
mission	2019,951831,120627
college	2019,948521,104839
command	2019,941276,112612
feature	2019,926975,116927
present	2019,897600,154930
outcome	2019,849999,115315
benefit	2019,849911,136432
partner	2019,823673,119478
anxiety	2019,819007,109833
stomach	2019,809914,99480
density	2019,786931,49488
storage	2019,779076,116166
release	2019,757210,109912
request	2019,735914,124939
vehicle	2019,730817,98030
testing	2019,719453,72243
weather	2019,717635,123225
setting	2019,717224,124813
defense	2019,714345,82873
portion	2019,711927,128136
opening	2019,695104,139913
poverty	2019,691370,84659
fashion	2019,684469,131605
library	2019,682121,98803
promise	2019,680970,134718
manager	2019,671369,87067
conduct	2019,667402,82833
surgery	2019,654686,53942
traffic	2019,652343,99566
bedroom	2019,652177,84627
outside	2019,643592,151667
emotion	2019,634381,103000
wedding	2019,630427,81910
alcohol	2019,628426,81711
payment	2019,616884,87203
passion	2019,613040,111334
edition	2019,607769,108255
tension	2019,607024,110316
mistake	2019,596216,133495
mixture	2019,586579,95174
comfort	2019,585334,127169
housing	2019,582195,63358
servant	2019,571512,74767
welfare	2019,570623,72581
channel	2019,570324,77884
arrival	2019,569013,115570
instant	2019,550477,101617
victory	2019,545422,93258
courage	2019,537168,110210
kingdom	2019,520276,63144
advance	2019,517441,117619
captain	2019,516579,58579
quarter	2019,514164,113346
session	2019,511100,82446
formula	2019,510793,74494
average	2019,500247,83156
soldier	2019,495910,71603
hearing	2019,493536,92870
essence	2019,484144,98445
consent	2019,477139,78901
chamber	2019,476855,70501
display	2019,471245,110158
removal	2019,471103,74756
profile	2019,465616,87801
imaging	2019,463513,21925
funding	2019,456992,56421
website	2019,456169,81687
summary	2019,454024,85773
voltage	2019,449068,15923
counter	2019,448322,93527
fiction	2019,443690,88523
warning	2019,443458,118051
revenue	2019,436801,47142
worship	2019,436492,62466
fortune	2019,436071,90224
decline	2019,432851,76836
liberty	2019,421549,66469
insight	2019,421436,101933
chicken	2019,416426,70350
faculty	2019,414775,53042
expense	2019,405691,101615
circuit	2019,403893,49148
mystery	2019,400533,97825
privacy	2019,399191,73055
inquiry	2019,398445,69529
leather	2019,397356,81040
slavery	2019,397139,46033
speaker	2019,396695,76951
journal	2019,395078,70439
council	2019,383186,60455
barrier	2019,382345,87474
suicide	2019,380436,67964
comment	2019,377905,103124
dignity	2019,375936,82710
utility	2019,374588,65985
gesture	2019,373408,86022
defence	2019,372379,51802
minimum	2019,371952,86359
ceiling	2019,366094,86557
parking	2019,364904,54339
cluster	2019,363274,61368
diagram	2019,362691,41207
package	2019,360690,78748
citizen	2019,357570,71431
trading	2019,356160,51101
quantum	2019,354352,22377
general	2019,352878,92694
fishing	2019,351976,63394
theatre	2019,348780,43121
default	2019,346469,50039
pursuit	2019,345242,95979
tourism	2019,342358,24675
emperor	2019,341129,29550
factory	2019,339636,63895
horizon	2019,338469,86948
drawing	2019,335979,71588
delight	2019,335518,83954
counsel	2019,333771,54327
anybody	2019,331964,72930
doorway	2019,331173,67138
complex	2019,330141,69850
pathway	2019,327036,48858
maximum	2019,326430,58461
weekend	2019,325938,66135
shelter	2019,324381,86074
despair	2019,318202,84400
dispute	2019,317609,58473
segment	2019,314276,52676
assault	2019,308892,65895
finance	2019,307452,45836
loyalty	2019,304699,74345
landing	2019,299312,70787
gravity	2019,298716,69104
sharing	2019,298432,64134
blanket	2019,295862,74435
protest	2019,291306,69905
uniform	2019,290266,82482
funeral	2019,289641,68518
nursing	2019,289412,40902
episode	2019,289181,67207
current	2019,285001,57364
plastic	2019,283523,63699
hallway	2019,282592,50746
fatigue	2019,281562,56480
divorce	2019,280720,51454
harmony	2019,279911,72465
license	2019,279322,67613
glucose	2019,279117,14138
mention	2019,278189,97509
monster	2019,277336,63779
impulse	2019,273677,73879
battery	2019,273425,45426
cooking	2019,268337,67419
holiday	2019,267935,72773
airport	2019,267201,48787
polymer	2019,266446,9173
statute	2019,264006,20160
hunting	2019,262684,64487
tragedy	2019,262206,72171
mapping	2019,259098,34577
working	2019,256512,88487
carrier	2019,256260,42384
dataset	2019,255954,12893
banking	2019,255535,35790
handful	2019,254648,89776
theater	2019,254110,42305
revenge	2019,253972,65939
scholar	2019,253507,59527
charity	2019,249138,65124
finding	2019,247238,57915
cabinet	2019,246760,58522
mankind	2019,246620,54423
tobacco	2019,246158,49718
railway	2019,246057,41113
calcium	2019,245822,17479
binding	2019,244301,41602
smoking	2019,240698,61610
capture	2019,239827,62224
penalty	2019,238405,50181
visitor	2019,237812,64506
bearing	2019,237104,75875
triumph	2019,236225,69720
crystal	2019,235614,37682
insulin	2019,234651,10905
biology	2019,234341,41691
cottage	2019,233879,43150
reserve	2019,233605,58080
romance	2019,231294,60056
descent	2019,229071,66249
glimpse	2019,227811,84812
venture	2019,227800,65788
clarity	2019,226753,78453
miracle	2019,226574,71760
torture	2019,222545,59778
farming	2019,220917,41501
loading	2019,219375,30840
fantasy	2019,218935,57595
lecture	2019,217167,61492
destiny	2019,214307,64900
prophet	2019,214270,32084
warrior	2019,213247,44055
imagery	2019,213001,46332
retreat	2019,212948,65688
mineral	2019,212759,34559
dancing	2019,212269,68379
highway	2019,210731,55056
warfare	2019,210647,46011
heating	2019,209961,35546
healing	2019,208208,42050
whisper	2019,206430,60472
founder	2019,204482,63672
leisure	2019,203122,57345
curtain	2019,202775,62365
caution	2019,202632,82551
vitamin	2019,201770,15732
surgeon	2019,201479,38860
refusal	2019,200001,62953
grammar	2019,199343,37646
hormone	2019,199314,15682
closure	2019,198283,43729
outline	2019,197255,75487
dioxide	2019,195896,20913
harvest	2019,195882,50160
analogy	2019,194872,52505
thunder	2019,193583,54898
briefly	2019,193318,85010
tourist	2019,193082,40717
playing	2019,193014,76098
deficit	2019,192549,33356
texture	2019,191963,46149
concert	2019,191715,53819
diamond	2019,191357,52008
gallery	2019,190913,42109
embrace	2019,188047,58472
offense	2019,186066,47758
stimuli	2019,186050,25490
posture	2019,185861,57475
pension	2019,184192,29552
martial	2019,183696,27917
offence	2019,182708,34591
neglect	2019,181578,62474
custody	2019,181470,40188
obesity	2019,180631,15758
singing	2019,179898,54954
routine	2019,178634,69766
peasant	2019,177192,33431
bastard	2019,177102,36306
contest	2019,172878,55080
tonight	2019,172273,46471
deposit	2019,170372,37462
sheriff	2019,169638,18670
stretch	2019,169446,66207
walking	2019,169402,66549
refugee	2019,167224,24317
auditor	2019,165811,8346
habitat	2019,165718,23248
killing	2019,165292,47953
dilemma	2019,164780,61520
darling	2019,163391,36936
theorem	2019,163379,12879
trigger	2019,163037,49451
erosion	2019,162061,30672
cutting	2019,159344,59126
feeding	2019,159266,36418
closing	2019,159247,65094
eyebrow	2019,158862,37326
terrain	2019,158758,46441
disgust	2019,157331,59991
variant	2019,155741,34518
mansion	2019,154492,38783
natural	2019,152693,73406
bladder	2019,152655,19886
cavalry	2019,152316,20850
vaccine	2019,151434,10167
pricing	2019,150856,19347
learner	2019,150168,18491
drought	2019,149828,25982
honesty	2019,148134,62716
realism	2019,147690,27781
longing	2019,146101,53002
reactor	2019,145973,8820
driving	2019,145343,58783
anatomy	2019,144825,29498
painter	2019,144766,34983
ecology	2019,144718,21999
premise	2019,144630,46902
mandate	2019,144449,35649
renewal	2019,144391,42485
coconut	2019,142610,17489
textual	2019,140517,22384
scandal	2019,140438,43562
costume	2019,140126,39475
paradox	2019,139920,42005
calling	2019,139110,59969
balcony	2019,138655,36903
outlook	2019,138589,54213
coating	2019,138440,21260
transit	2019,138242,32369
passing	2019,137263,69198
abdomen	2019,137103,28695
symptom	2019,136486,33107
apology	2019,135870,56109
warrant	2019,135823,34272
burning	2019,135803,58077
spectra	2019,135312,8979
reverse	2019,134604,61844
urgency	2019,134430,59633
antigen	2019,133637,5915
premium	2019,133051,28414
fighter	2019,132818,36363
sensing	2019,132537,16581
cruelty	2019,131424,46876
verdict	2019,130063,36788
editing	2019,129357,37193
central	2019,128593,50839
inverse	2019,128423,26352
monitor	2019,128326,37413
baptism	2019,128084,21119
vinegar	2019,128075,20651
breadth	2019,127799,53905
tribute	2019,127714,45842
anguish	2019,127383,47246
washing	2019,126691,50662
receipt	2019,126074,37462
scenery	2019,125902,42117
bonding	2019,125631,26402
terrace	2019,125417,24825
colonel	2019,122939,17000
produce	2019,122917,38767
balloon	2019,121759,29593
bargain	2019,121665,47607
selling	2019,121469,40263
grocery	2019,121271,42415
dynasty	2019,120650,21163
mastery	2019,120597,42133
suspect	2019,120229,25810
laundry	2019,119752,42849
seizure	2019,119587,24832
revival	2019,119318,37062
silicon	2019,119179,10925
creator	2019,118935,41303
exhibit	2019,118241,39659
mindset	2019,118141,32459
analyst	2019,117521,22665
garment	2019,117047,37716
charter	2019,116522,25810
primary	2019,116003,36460
bedside	2019,115695,42102
majesty	2019,114566,27558
ethanol	2019,113095,8707
garbage	2019,113016,40838
imprint	2019,112280,73549
furnace	2019,111291,27561
talking	2019,111246,58136
monarch	2019,111093,26606
perfume	2019,110622,40473
jewelry	2019,110591,35589
warming	2019,110375,27455
athlete	2019,109389,24004
lineage	2019,108833,30574
integer	2019,108492,10466
academy	2019,108405,27868
auction	2019,108360,24061
trustee	2019,107317,9935
vampire	2019,106466,11338
novelty	2019,106450,45191
nursery	2019,105600,32196
harbour	2019,105424,17765
luggage	2019,104308,35324
turning	2019,103746,53999
residue	2019,103318,27678
peptide	2019,103160,5902
rupture	2019,102948,23149
recruit	2019,102787,41537
secrecy	2019,102603,39689
disdain	2019,101944,41422
whiskey	2019,101560,24895
hygiene	2019,101438,26744
lending	2019,101124,18212
lantern	2019,100988,26957
bicycle	2019,100883,31308
banquet	2019,100030,28230
feather	2019,99747,38551
missile	2019,99104,18132
trailer	2019,98764,19237
earnest	2019,98711,45040
scratch	2019,98558,50071
infancy	2019,97801,38075
rainbow	2019,96972,37675
turmoil	2019,96943,49726
kinship	2019,96839,27515
robbery	2019,96706,28955
dessert	2019,96260,34109
granite	2019,96029,29352
wartime	2019,95606,20799
running	2019,95536,50476
pasture	2019,95386,25846
vanilla	2019,95332,18652
gateway	2019,95319,31619
footage	2019,94629,24999
licence	2019,94059,28131
turbine	2019,93957,6806
serpent	2019,93073,24783
packing	2019,92928,36062
stature	2019,92293,42995
welcome	2019,91446,45426
tyranny	2019,91320,31996
foliage	2019,91275,28889
footing	2019,91042,48151
implant	2019,90939,6527
cocaine	2019,90483,15200
tensile	2019,90458,6514
embassy	2019,90095,17743
militia	2019,89903,16353
resolve	2019,89744,44552
ecstasy	2019,89706,32822
freight	2019,89614,23524
printer	2019,89589,23979
outrage	2019,89234,40250
whistle	2019,88957,37521
dialect	2019,88482,23825
linkage	2019,88237,22919
baggage	2019,88231,37696
dynamic	2019,88183,34925
filling	2019,87911,29095
lattice	2019,87694,12292
manhood	2019,87638,29746
incense	2019,87277,24329
capsule	2019,86802,14631
sweater	2019,86715,26469
convent	2019,86530,15766
veteran	2019,86457,32037
quarrel	2019,86220,31262
sitting	2019,86216,45349
steamer	2019,85708,16596
forearm	2019,85447,27006
overlap	2019,85082,30794
placebo	2019,84785,7423
antenna	2019,84293,9167
soybean	2019,84076,5580
framing	2019,83773,24298
plateau	2019,83741,22834
advisor	2019,83235,28492
dissent	2019,83011,24967
archive	2019,82494,19067
listing	2019,82401,25040
algebra	2019,82245,12346
pioneer	2019,81921,35682
cricket	2019,81907,17753
plaster	2019,81890,30250
beating	2019,81800,42324
pyramid	2019,81657,25437
cascade	2019,81096,25899
lesbian	2019,81040,13193
shuttle	2019,80966,16545
bipolar	2019,80962,12474
senator	2019,80668,16573
traitor	2019,80457,28038
forward	2019,80369,41151
adviser	2019,79863,24800
bidding	2019,79816,34630
chuckle	2019,79711,30831
diffuse	2019,79514,20923
malaria	2019,79509,14846
chronic	2019,79307,17153
villain	2019,79220,29160
pottery	2019,79104,16633
artwork	2019,79092,24939
royalty	2019,79017,30041
sunrise	2019,78853,36363
preface	2019,78538,25505
holding	2019,78434,30981
apostle	2019,78396,13698
mercury	2019,78266,16470
textile	2019,78215,15933
rivalry	2019,78072,31653
sailing	2019,78017,31853
inertia	2019,77947,23244
chatter	2019,77915,39567
massage	2019,77812,20716
methane	2019,77407,8855
waiting	2019,77340,42400
cycling	2019,77114,16341
poultry	2019,77108,16843
leakage	2019,76880,15031
chimney	2019,76716,27446
remorse	2019,76709,35474
empathy	2019,76392,25264
squeeze	2019,75981,32350
bombing	2019,75603,17872
railing	2019,75532,29152
casting	2019,75502,21818
faction	2019,75500,21414
lawsuit	2019,75367,19169
viewing	2019,75283,27104
mustard	2019,75267,20689
ammonia	2019,74976,11682
persona	2019,74809,25478
wording	2019,73932,27246
brigade	2019,73919,13967
treason	2019,73803,22570
console	2019,72959,17460
steward	2019,72014,19157
captive	2019,71968,31146
pitcher	2019,71867,21269
anomaly	2019,71795,25154
expanse	2019,71775,36836
remnant	2019,71709,27525
pronoun	2019,71509,11831
browser	2019,70929,12087
bondage	2019,70796,24435
butcher	2019,70789,29550
ranking	2019,70653,22823
unknown	2019,70540,39367
chariot	2019,70420,16726
cabbage	2019,70171,20295
cushion	2019,69984,33435
realist	2019,69896,15871
regimen	2019,69578,15702
airline	2019,69273,18217
trainer	2019,68686,20899
prairie	2019,68362,13963
serving	2019,68325,34343
catalog	2019,68311,26000
thinker	2019,68260,26436
enquiry	2019,68018,20804
ringing	2019,67716,37545
cooling	2019,67521,15127
buffalo	2019,67481,14463
comrade	2019,67348,22161
staging	2019,67334,17502
flavour	2019,67331,18785
bathing	2019,67208,28740
shallow	2019,66951,35097
stadium	2019,66951,17446
seafood	2019,66891,13937
spacing	2019,66630,14170
bravery	2019,66628,32876
backing	2019,66456,31748
compact	2019,66277,28787
acetate	2019,66177,7485
lithium	2019,66144,6587
fucking	2019,66112,15880
boredom	2019,66074,31866
lifting	2019,65630,34075
vantage	2019,65389,36170
cartoon	2019,64696,26107
tuition	2019,64687,20758
exhaust	2019,64618,18835
sausage	2019,64518,22039
modesty	2019,64494,31187
grazing	2019,64428,17657
sulfate	2019,64294,7545
routing	2019,64092,6882
parable	2019,64063,15489
reunion	2019,64013,29834
nitrate	2019,63841,8328
seminar	2019,63834,22531
heroine	2019,63826,21729
trumpet	2019,63595,22365
telling	2019,63453,37027
primacy	2019,63267,22051
scaling	2019,63106,13798
workmen	2019,63019,20026
insurer	2019,62351,4304
volcano	2019,61932,20867
shotgun	2019,61924,17652
freezer	2019,61842,19011
dislike	2019,61832,33226
lodging	2019,61581,23380
parsley	2019,61459,7221
dresser	2019,61310,25125
skillet	2019,61109,6379
asshole	2019,61018,14116
sarcasm	2019,60809,32065
pigment	2019,60729,10868
seating	2019,60558,24928
cuisine	2019,60535,14875
orchard	2019,60471,18426
sponsor	2019,60424,17440
builder	2019,60207,26451
potency	2019,59972,20866
uranium	2019,59892,7483
contour	2019,59810,15667
grandma	2019,59678,17684
welding	2019,59437,7067
sibling	2019,59350,24592
caravan	2019,59225,15136
desktop	2019,59002,16479
pudding	2019,58797,19377
cathode	2019,58765,4744
solvent	2019,58672,7665
keeping	2019,57919,32600
atrophy	2019,57806,7770
subsidy	2019,57408,12858
torment	2019,57366,27920
shudder	2019,57243,27445
pretext	2019,56839,25970
settler	2019,56775,10581
weeping	2019,56678,27217
signing	2019,56585,23819
dungeon	2019,56372,16430
sinking	2019,56034,31265
lottery	2019,55945,21970
toddler	2019,55831,22766
valence	2019,55740,8142
duality	2019,55692,17227
hostage	2019,55562,24081
raising	2019,55319,29451
camping	2019,54908,19016
insider	2019,54769,18737
blossom	2019,54661,25415
flexion	2019,54615,3103
surname	2019,54164,21933
syringe	2019,54133,12053
payroll	2019,54110,15816
bandage	2019,54067,21824
boulder	2019,53969,19474
suction	2019,53900,11501
parlour	2019,53847,11353
torrent	2019,53807,27661
masonry	2019,53577,12330
asphalt	2019,53576,16145
showing	2019,53297,27645
slumber	2019,53272,27964
mockery	2019,53189,27962
puberty	2019,52813,13411
chopped	2019,52757,9999
neutron	2019,52558,4789
workout	2019,52433,16300
flicker	2019,52279,25756
melting	2019,52257,18638
dentist	2019,52131,19392
fluency	2019,51965,13893
proverb	2019,51925,20259
culprit	2019,51666,27133
spinach	2019,51452,11072
lettuce	2019,51318,15737
bedtime	2019,51270,23038
classic	2019,51163,28941
cockpit	2019,50490,10313
pointer	2019,50282,12315
swallow	2019,50029,22430
allergy	2019,49840,9624
liturgy	2019,49655,8508
fascism	2019,49072,10157
heroism	2019,48782,21454
marshal	2019,48670,9819
lookout	2019,48659,27588
agility	2019,48585,20933
craving	2019,48519,23572
tangent	2019,48269,10433
rebirth	2019,48220,19069
decency	2019,48111,26386
heathen	2019,48074,14076
tractor	2019,47896,14464
carotid	2019,47891,5110
bedding	2019,47818,20830
apparel	2019,47595,17708
bouquet	2019,47521,21910
bending	2019,47303,10735
salient	2019,47174,19984
excerpt	2019,47085,19462
admiral	2019,47031,9009
outflow	2019,46980,10335
edifice	2019,46882,21355
scanner	2019,46788,12329
shooter	2019,46695,13300
lexicon	2019,46283,14553
draught	2019,46206,19648
invalid	2019,46099,21427
pumpkin	2019,46056,14180
discord	2019,46037,25194
liaison	2019,45919,20241
geology	2019,45856,13398
damping	2019,45732,4057
aspirin	2019,45678,11055
arousal	2019,45659,12413
cholera	2019,45627,12042
rapport	2019,45556,18164
pendant	2019,45323,13675
hypoxia	2019,45288,4855
seeking	2019,45265,21014
fallacy	2019,45191,17690
bracket	2019,45080,16403
planner	2019,45009,15465
logging	2019,44907,11653
glimmer	2019,44887,26916
cruiser	2019,44838,9949
crusade	2019,44808,15461
chemist	2019,44779,17354
conduit	2019,44733,19232
amateur	2019,44723,22703
copying	2019,44585,19639
blender	2019,44263,6841
coroner	2019,44202,10575
dowager	2019,44176,3958
platoon	2019,44111,7590
platter	2019,44057,19063
glacier	2019,44053,8006
foreman	2019,43740,13346
cadmium	2019,43446,5059
uterine	2019,43403,4493
subunit	2019,43380,4718
respite	2019,43317,26590
flutter	2019,43163,21337
latency	2019,43143,6888
veranda	2019,43043,11036
anarchy	2019,42721,17942
droplet	2019,42565,6958
biscuit	2019,42550,18122
replica	2019,42492,19378
bribery	2019,42426,13754
relapse	2019,42295,11095
fishery	2019,42195,5905
dualism	2019,42151,10775
biofilm	2019,42037,2243
pairing	2019,42011,17026
migrant	2019,41910,7917
eclipse	2019,41756,13048
milling	2019,41755,10306
lobster	2019,41710,12952
scatter	2019,41710,14952
autopsy	2019,41607,12185
grading	2019,41598,11129
brewing	2019,41497,20569
sulphur	2019,41237,10958
handbag	2019,41207,14941
progeny	2019,41037,15028
isotope	2019,40985,5261
stratum	2019,40921,11704
grating	2019,40915,13290
albumin	2019,40909,4783
evasion	2019,40859,18144
grandpa	2019,40136,11087
entropy	2019,40129,5768
glitter	2019,40103,21150
emerald	2019,39977,18316
fasting	2019,39940,12414
vacancy	2019,39909,16005
arsenic	2019,39848,7733
equator	2019,39698,10174
parting	2019,39558,22877
midwife	2019,39523,10783
liberal	2019,39424,18312
gunfire	2019,39345,14242
vintage	2019,39339,18326
forever	2019,39207,25234
rapture	2019,39194,16798
penance	2019,39123,15485
startup	2019,39119,8515
pooling	2019,39051,14198
trolley	2019,38877,12858
arsenal	2019,38829,21758
breakup	2019,38770,17233
drizzle	2019,38763,15081
thicket	2019,38700,16099
reverie	2019,38550,19718
rooftop	2019,38538,14041
clatter	2019,38452,21874
annuity	2019,38426,5390
tempest	2019,38419,16238
malware	2019,38394,3060
adipose	2019,38205,4159
burnout	2019,38176,7753
flannel	2019,38143,18696
barking	2019,38011,20364
commune	2019,37919,10993
seaweed	2019,37901,13413
barrage	2019,37878,19418
plunder	2019,37685,14396
digital	2019,37666,12318
grimace	2019,37642,20726
bedrock	2019,37486,15833
foreign	2019,37407,14941
avocado	2019,37401,7373
compost	2019,37292,7032
tornado	2019,37291,15885
walkway	2019,37125,16575
offline	2019,37030,10403
boyhood	2019,36919,18228
rubbish	2019,36906,20916
midline	2019,36863,4124
benzene	2019,36757,4833
spindle	2019,36728,7715
reagent	2019,36676,5138
acronym	2019,36657,19571
acidity	2019,36652,8439
supreme	2019,36546,20707
roaring	2019,36358,22140
fencing	2019,36304,17176
carving	2019,36266,17055
palette	2019,36214,14027
diploma	2019,36104,16564
footman	2019,35762,7757
extreme	2019,35712,23680
stubble	2019,35639,19096
fission	2019,35612,5486
shutter	2019,35609,10955
hospice	2019,35393,6373
tasting	2019,35217,13837
canteen	2019,35117,12360
cleanup	2019,35013,12827
courier	2019,34970,12472
salvage	2019,34886,9259
runtime	2019,34739,3581
glamour	2019,34688,17460
conceit	2019,34613,17680
prelude	2019,34469,21571
cashier	2019,34400,14198
tsunami	2019,34226,12775
teasing	2019,34213,18289
seaside	2019,34192,15985
pilgrim	2019,34147,11124
gunshot	2019,34144,15957
miingon	2018,34034,119
refrain	2019,34021,18843
popcorn	2019,33936,15291
billing	2019,33934,10975
pianist	2019,33929,10412
censure	2019,33919,16551
keyword	2019,33782,7359
biliary	2019,33772,2486
sweetie	2019,33683,12476
hearsay	2019,33555,9612
holster	2019,33428,11602
heparin	2019,33264,2794
breaker	2019,33234,14029
monsoon	2019,33220,7558
sarcoma	2019,33107,3038
amnesia	2019,33101,10813
buildup	2019,33038,13816
boycott	2019,33014,8571
rolling	2019,32817,19085
corpora	2019,32803,3627
fissure	2019,32778,9430
recital	2019,32771,14242
workman	2019,32752,12768
ganglia	2019,32745,4116
scoring	2019,32723,10551
embargo	2019,32678,8317
sulfide	2019,32678,4395
mailing	2019,32627,12615
synergy	2019,32517,13720
skipper	2019,32445,5902
consort	2019,32444,9413
clutter	2019,32309,14568
goodbye	2019,32230,19925
citadel	2019,32228,10669
caption	2019,32220,15000
roadway	2019,32105,12400
fistula	2019,32084,2716
oxidase	2019,32078,4066
patriot	2019,32020,13427
fixture	2019,31900,16447
dreamer	2019,31730,13769
trickle	2019,31693,20556
referee	2019,31686,9580
stealth	2019,31644,16283
histone	2019,31565,2508
humming	2019,31530,19563
atheist	2019,31470,12061
laborer	2019,31371,13212
atheism	2019,31347,8410
payload	2019,31316,5290
carnage	2019,31240,17715
stamina	2019,31238,18822
bathtub	2019,31231,16146
twinkle	2019,31211,18638
handler	2019,31210,7310
fallout	2019,31172,16323
brevity	2019,31042,19264
monomer	2019,31038,3513
lactate	2019,31036,4248
tracker	2019,30997,8824
leopard	2019,30991,10389
molding	2019,30980,8478
synonym	2019,30967,15731
foramen	2019,30817,1923
admirer	2019,30808,18261
booklet	2019,30738,13805
brewery	2019,30608,7072
sparkle	2019,30583,19596
commute	2019,30323,15717
firearm	2019,30253,7295
turnout	2019,30228,8835
cadence	2019,30127,14834
bowling	2019,30105,12271
plasmid	2019,30006,2255
thermal	2019,29947,8062
setback	2019,29879,18454
wrapper	2019,29735,14206
reprint	2019,29724,15597
nominee	2019,29625,7826
agonist	2019,29621,3434
trainee	2019,29586,9216
leprosy	2019,29576,7697
outpost	2019,29558,13549
brothel	2019,29428,9190
jumping	2019,29417,18428
unicorn	2019,29390,7668
shampoo	2019,29341,14782
combine	2019,29285,18070
boiling	2019,29265,12387
earshot	2019,29223,19278
airflow	2019,29046,5562
gelatin	2019,29015,5191
scarlet	2019,28973,15045
curator	2019,28868,9878
bonfire	2019,28762,13817
estuary	2019,28738,6978
toolbox	2019,28686,13363
sojourn	2019,28654,15729
rearing	2019,28618,12668
plumage	2019,28575,8517
sleeper	2019,28551,15333
grenade	2019,28435,9282
epitome	2019,28410,19614
invoice	2019,28396,6992
toolkit	2019,28362,11719
epistle	2019,28337,8480
sending	2019,28337,15484
sucrose	2019,28327,4270
alchemy	2019,28326,9871
leaflet	2019,28268,7312
diocese	2019,28255,6314
analyte	2019,28242,1630
orifice	2019,28204,6994
torsion	2019,28196,3922
pastime	2019,28155,18448
trilogy	2019,28147,10079
satchel	2019,28122,9445
upgrade	2019,28031,12277
faraway	2019,27953,19101
podcast	2019,27922,7706
subtype	2019,27884,5434
digging	2019,27838,17912
archway	2019,27784,12462
epithet	2019,27775,13399
calorie	2019,27749,6972
drummer	2019,27708,9150
rigging	2019,27705,9314
caramel	2019,27648,10705
caliber	2019,27640,13029
aquifer	2019,27634,2677
thereon	2019,27626,10464
iceberg	2019,27616,15855
cleaner	2019,27562,16056
daytime	2019,27494,17644
hacking	2019,27457,10401
gambler	2019,27452,11394
wavelet	2019,27378,2337
forgery	2019,27099,10196
oratory	2019,27090,11189
dyspnea	2019,27084,2244
starter	2019,27037,10664
coaster	2019,27023,15541
haircut	2019,27003,15933
purview	2019,26958,16093
tenancy	2019,26923,4886
profane	2019,26875,13409
thyroid	2019,26834,4580
impasse	2019,26820,14927
sorcery	2019,26806,8644
aphasia	2019,26795,2377
hanging	2019,26677,18258
skyline	2019,26610,14096
phantom	2019,26570,11214
torpedo	2019,26546,5372
aerosol	2019,26545,4842
lunatic	2019,26399,14944
polling	2019,26242,7940
dealing	2019,26204,12565
incline	2019,26119,15126
tapping	2019,26098,15529
erasure	2019,26087,9750
peacock	2019,26054,12970
decorum	2019,26030,15477
spatula	2019,26015,7230
trachea	2019,26014,4573
planter	2019,25915,8283
inquest	2019,25805,6687
sparrow	2019,25766,10609
chopper	2019,25765,6122
cubicle	2019,25735,11102
cloning	2019,25699,5489
primate	2019,25618,6111
malaise	2019,25541,11567
parapet	2019,25413,9247
bravado	2019,25375,17740
paucity	2019,25344,15646
hammock	2019,25316,8522
stromal	2019,25279,2002
swimmer	2019,25232,13471
preview	2019,25184,11024
shifter	2019,25006,3444
bilayer	2019,24986,2684
graphic	2019,24915,14684
sorting	2019,24913,10869
scourge	2019,24886,15372
acetone	2019,24860,4908
dropout	2019,24813,8228
fitting	2019,24739,12164
chagrin	2019,24660,16520
frailty	2019,24635,11391
roadmap	2019,24581,10980
oregano	2019,24363,4033
padding	2019,24337,11094
compare	2019,24307,15086
sorghum	2019,24281,4294
urethra	2019,24207,2586
bayonet	2019,24181,8177
docking	2019,24116,6282
mailbox	2019,24112,11535
dolphin	2019,24104,7857
leasing	2019,24085,7091
elation	2019,24064,15999
notepad	2019,24012,11955
oatmeal	2019,23974,10863
rebound	2019,23838,11012
pageant	2019,23825,9994
diction	2019,23804,9546
naughty	2019,23803,13922
specter	2019,23790,13347
pruning	2019,23759,7678
adjunct	2019,23650,11080
vesicle	2019,23647,3190
garnish	2019,23627,3862
crevice	2019,23594,12381
staying	2019,23591,18306
tremble	2019,23570,15403
carbide	2019,23458,2874
opacity	2019,23353,7843
coinage	2019,23351,7555
heaving	2019,23201,14689
redhead	2019,23174,9043
abandon	2019,23154,15634
trooper	2019,23151,6993
freeway	2019,23147,9040
biofuel	2019,23056,2619
heather	2019,23024,7397
pedicle	2019,23007,1093
wetland	2019,23004,3468
bourbon	2019,22978,7048
mermaid	2019,22978,7042
triplet	2019,22915,4897
charger	2019,22890,10881
polygon	2019,22884,3960
borough	2019,22794,7411
whimper	2019,22774,13370
weaving	2019,22698,10647
gnawing	2019,22620,16464
booster	2019,22572,9410
etching	2019,22478,5378
herring	2019,22451,9781
frigate	2019,22434,4225
burglar	2019,22387,9438
precept	2019,22318,10829
jogging	2019,22294,13298
quartet	2019,22213,9052
collage	2019,22137,8856
encoder	2019,22122,2134
portico	2019,22096,8746
plywood	2019,21997,8187
falsity	2019,21932,8292
cologne	2019,21888,11865
picking	2019,21885,13618
woollen	2019,21859,10327
affront	2019,21825,14988
anaemia	2019,21819,2883
postage	2019,21807,10272
inkling	2019,21804,16294
acreage	2019,21785,8087
custard	2019,21746,7203
breeder	2019,21742,5479
blunder	2019,21649,13189
probate	2019,21634,3243
bromide	2019,21621,5040
sealing	2019,21619,7938
enclave	2019,21589,9498
headway	2019,21569,14763
cyanide	2019,21563,5703
retinue	2019,21552,9970
samurai	2019,21529,3250
kinsman	2019,21516,7118
catcher	2019,21466,6523
folding	2019,21443,9381
tableau	2019,21432,10079
rooster	2019,21343,9216
spectre	2019,21307,11063
outlier	2019,21272,9154
ellipse	2019,21265,5173
adapter	2019,21245,4307
ballast	2019,21243,7857
prefect	2019,21187,4439
mileage	2019,21140,8977
hosting	2019,21137,9866
screech	2019,21097,14005
oceanic	2019,21075,5618
private	2019,21071,12825
decimal	2019,21046,5583
tillage	2019,21016,3662
handgun	2019,20998,7691
blocker	2019,20958,4329
gourmet	2019,20942,9567
flowery	2019,20858,13993
hectare	2019,20790,4733
overlay	2019,20784,8173
panther	2019,20756,7854
tumbler	2019,20697,10009
toluene	2019,20654,3021
passive	2019,20590,10935
emitter	2019,20585,3554
placing	2019,20537,14130
antique	2019,20535,11747
booking	2019,20503,8769
sucking	2019,20499,10934
terrier	2019,20472,8294
priming	2019,20416,4630
avarice	2019,20372,10339
takeoff	2019,20372,7571
payback	2019,20360,9712
bigotry	2019,20355,10750
sticker	2019,20353,11469
myeloma	2019,20309,2198
mimicry	2019,20277,8612
adenoma	2019,20218,1460
reptile	2019,20187,9511
wayside	2019,20179,13551
devotee	2019,20116,9018
hairpin	2019,20115,6381
plating	2019,20053,5550
moaning	2019,20040,11766
phalanx	2019,20017,6135
premier	2019,19996,7377
cyclone	2019,19977,7439
bailiff	2019,19948,5511
coolant	2019,19946,2657
montage	2019,19934,6295
laminar	2019,19890,3323
getaway	2019,19870,12407
cripple	2019,19867,10013
sternum	2019,19831,7131
begging	2019,19820,13057
sundown	2019,19820,11357
amnesty	2019,19779,7242
acclaim	2019,19778,12712
reentry	2019,19766,4495
novella	2019,19701,6377
venison	2019,19700,7638
hopeful	2019,19615,15793
widower	2019,19580,11931
roaming	2019,19576,13629
soprano	2019,19562,6009
ketchup	2019,19487,8572
artisan	2019,19480,9718
hatchet	2019,19425,9210
headset	2019,19419,6972
hilltop	2019,19416,8926
fervour	2019,19392,10991
pancake	2019,19371,9846
respond	2019,19343,14749
pulsing	2019,19340,11365
optimum	2019,19330,6721
cannula	2019,19328,2489
drinker	2019,19295,12621
gorilla	2019,19288,7059
stuffed	2019,19249,12384
nesting	2019,19202,7436
shading	2019,19190,7405
nurture	2019,19158,10089
urinary	2019,19049,3227
tequila	2019,19048,6079
paddock	2019,19041,5539
hashtag	2019,19033,5508
alumina	2019,19025,3042
interim	2019,18945,12882
generic	2019,18918,10660
arbiter	2019,18875,12152
outcast	2019,18794,12592
macular	2019,18773,2592
perusal	2019,18764,11959
dossier	2019,18746,6335
toolbar	2019,18734,1548
warship	2019,18705,5929
undoing	2019,18620,13391
caprice	2019,18606,9533
cutlery	2019,18559,11495
bulwark	2019,18547,11749
yoghurt	2019,18537,3928
stalker	2019,18496,7445
stained	2019,18380,12215
convert	2019,18363,10474
orbital	2019,18264,2715
perjury	2019,18240,6685
synapse	2019,18204,3279
heretic	2019,18203,7491
operate	2019,18158,10413
mascara	2019,18155,10230
ticking	2019,18151,12767
medulla	2019,18140,2678
touring	2019,18102,7724
debacle	2019,18081,11660
amalgam	2019,18061,9850
looting	2019,18040,8676
ginseng	2019,18021,2853
rancher	2019,18013,5244
bastion	2019,17995,10067
pharynx	2019,17957,3001
lateral	2019,17944,4166
propane	2019,17924,5398
vestige	2019,17920,12885
oration	2019,17831,8402
gastric	2019,17781,3310
brocade	2019,17776,8102
epitaph	2019,17773,8426
laissez	2019,17768,7388
scalpel	2019,17766,7835
decoder	2019,17725,2380
janitor	2019,17676,8639
concise	2019,17670,12364
nervosa	2019,17642,2248
workday	2019,17634,10774
fireman	2019,17624,7842
pervert	2019,17615,7316
doublet	2019,17585,4760
jasmine	2019,17543,8299
bitcoin	2019,17531,1660
lactose	2019,17522,2820
lighter	2019,17445,11662
rubbing	2019,17435,9852
surfing	2019,17372,6826
convict	2019,17368,5147
hostile	2019,17362,12931
tantrum	2019,17347,11035
knuckle	2019,17345,10348
bitumen	2019,17314,2995
wrinkle	2019,17304,12082
drapery	2019,17302,8044
rotator	2019,17291,1731
ailment	2019,17288,11762
nostril	2019,17261,7197
cayenne	2019,17195,3121
overuse	2019,17183,8363
eyeball	2019,17080,7909
vulture	2019,17009,7876
baronet	2019,16969,3518
couplet	2019,16954,5727
fanfare	2019,16949,12707
believe	2019,16941,11138
steeple	2019,16924,9269
bandgap	2019,16910,1023
clamour	2019,16900,9490
slander	2019,16851,9692
cassava	2019,16830,3316
footmen	2019,16805,6274
licking	2019,16793,7363
optimal	2019,16754,8529
syncope	2019,16687,2275
biochar	2019,16667,664
chateau	2019,16619,3541
locking	2019,16571,6667
viceroy	2019,16512,3774
saffron	2019,16510,5778
voucher	2019,16508,5381
firemen	2019,16448,7802
kinsmen	2019,16402,6494
doorman	2019,16376,6969
sublime	2019,16345,6520
maxilla	2019,16324,1274
cistern	2019,16321,5175
plenary	2019,16286,6096
charade	2019,16237,10538
dipping	2019,16217,8677
sawdust	2019,16210,8815
neonate	2019,16203,2121
raiment	2019,16200,7722
stirrup	2019,16172,6975
shimmer	2019,16155,10158
epigram	2019,16134,4695
archery	2019,16110,6370
saviour	2019,16069,9150
shuffle	2019,16062,10159
hamster	2019,16031,5816
glycine	2019,16026,3371
rioting	2019,16010,8920
garland	2019,16002,7968
wailing	2019,15999,11396
climber	2019,15995,7262
earlobe	2019,15975,8250
panacea	2019,15971,11237
special	2019,15971,12019
postman	2019,15904,8216
ambient	2019,15897,5888
whaling	2019,15827,3452
proline	2019,15800,2194
tagging	2019,15789,5952
ashtray	2019,15753,7884
scooter	2019,15746,5256
plasmon	2019,15670,1330
trinity	2019,15644,7507
rundown	2019,15610,10876
trouser	2019,15574,9080
reproof	2019,15533,8695
tonnage	2019,15455,5132
howling	2019,15435,10430
signage	2019,15432,7081
cobbler	2019,15425,6884
savanna	2019,15405,2581
juniper	2019,15364,5668
broiler	2019,15351,2587
chalice	2019,15347,6173
mooring	2019,15340,4726
prosody	2019,15336,3117
cracker	2019,15269,8275
politic	2019,15264,7323
catfish	2019,15248,4479
chattel	2019,15246,5284
grinder	2019,15224,7391
inferno	2019,15224,9985
proviso	2019,15215,8611
egotism	2019,15210,7876
invader	2019,15155,8796
crackle	2019,15092,10353
modicum	2019,15057,11388
snippet	2019,15055,5474
vagrant	2019,15042,7437
blemish	2019,15040,8643
ferment	2019,14998,8530
alveoli	2019,14989,2247
sceptre	2019,14988,6364
polemic	2019,14985,6853
blister	2019,14975,6690
haggard	2019,14943,10168
swagger	2019,14925,10684
wedlock	2019,14887,8828
backlog	2019,14847,6123
airship	2019,14786,2247
banging	2019,14713,10728
svarade	2018,14702,88
alfalfa	2019,14694,3971
satiety	2019,14676,5073
scrotum	2019,14662,3433
carrion	2019,14637,6952
rampart	2019,14620,5934
issuing	2019,14589,7159
airlock	2019,14580,1814
prodigy	2019,14575,9040
finesse	2019,14462,9272
plumber	2019,14458,7841
shingle	2019,14431,6851
gangway	2019,14429,5501
exclaim	2019,14374,8738
sidebar	2019,14346,3452
onstage	2019,14341,5012
elitist	2019,14300,8388
boudoir	2019,14292,5875
tribune	2019,14278,3190
informa	2019,14274,13481
fleeing	2019,14244,10298
subtext	2019,14230,7840
sabbath	2019,14229,2791
messiah	2019,14218,4251
giraffe	2019,14213,5784
accuser	2019,14125,7344
recluse	2019,14106,8107
telecom	2019,14090,4031
grantor	2019,14059,1184
concord	2019,14049,6655
sanctum	2019,14017,8324
cookery	2019,13951,6468
outcrop	2019,13941,5239
upsurge	2019,13928,8886
boating	2019,13925,7441
padlock	2019,13905,7175
scapula	2019,13892,1992
alimony	2019,13890,3346
zeolite	2019,13875,1338
webpage	2019,13864,6720
nitride	2019,13858,1898
blogger	2019,13836,6126
bequest	2019,13831,6422
scuffle	2019,13812,10218
candour	2019,13800,7027
parasol	2019,13760,6271
martini	2019,13708,5428
nitrite	2019,13701,2605
sampler	2019,13699,3738
styrene	2019,13682,2160
milking	2019,13664,5206
skating	2019,13664,6895
cytosol	2019,13629,2232
stopper	2019,13600,6983
calcite	2019,13591,1932
changer	2019,13523,9341
earning	2019,13514,8813
rhubarb	2019,13513,4647
daycare	2019,13486,5242
immense	2019,13465,10000
simplex	2019,13455,3252
divider	2019,13391,5079
anthrax	2019,13374,2956
glenoid	2019,13340,488
trophic	2019,13307,2215
wasting	2019,13303,8246
psychic	2019,13294,5699
atresia	2019,13272,1081
watcher	2019,13268,8124
moniker	2019,13264,9312
keyhole	2019,13256,7904
slipper	2019,13235,6925
functor	2019,13228,425
buttery	2019,13222,7251
missive	2019,13217,7686
cochlea	2019,13162,1483
seeding	2019,13097,4584
ventral	2019,13097,2320
stipend	2019,13083,7855
settlor	2019,13082,412
exudate	2019,13079,2166
filming	2019,13016,5714
raccoon	2019,13016,5395
jawline	2019,12996,7863
hissing	2019,12991,9220
batting	2019,12982,3390
ductile	2019,12955,2556
playboy	2019,12905,6487
varnish	2019,12853,6259
rescuer	2019,12846,7104
bacilli	2019,12829,2306
toaster	2019,12825,7027
magnate	2019,12822,7506
lullaby	2019,12780,8103
ruffian	2019,12768,6630
seepage	2019,12757,3415
hedging	2019,12694,2662
denture	2019,12650,971
leaving	2019,12643,9794
capitol	2019,12620,5528
netting	2019,12617,6411
scepter	2019,12611,4322
readout	2019,12607,3806
bullock	2019,12592,4385
caspase	2019,12580,1488
cupcake	2019,12580,4059
granule	2019,12573,2307
travail	2019,12544,6281
obligor	2019,12531,683
plunger	2019,12516,4159
cranium	2019,12511,4930
recycle	2019,12510,4904
microbe	2019,12497,3789
conquer	2019,12494,9226
wastage	2019,12432,5830
larceny	2019,12430,4123
hemlock	2019,12411,5037
roofing	2019,12402,6032
parsing	2019,12394,3352
provost	2019,12380,3790
florist	2019,12374,6309
fulcrum	2019,12348,6780
mariner	2019,12323,5841
trapper	2019,12263,3151
propria	2019,12246,2193
rocking	2019,12230,8931
elution	2019,12201,1675
beeline	2019,12179,8583
canning	2019,12162,3880
oxalate	2019,12145,1983
standby	2019,12142,7437
penguin	2019,12141,4261
tabular	2019,12138,5224
boatman	2019,12130,4970
machete	2019,12129,4627
cuticle	2019,12127,3074
overall	2019,12127,7924
revelry	2019,12101,8260
winning	2019,12095,8903
prelate	2019,12094,3949
lasagna	2019,12079,4867
amylase	2019,12076,2298
pharaoh	2019,12064,2770
oxidant	2019,12061,2439
adenine	2019,12060,3013
takeout	2019,12047,6670
liqueur	2019,12027,4745
digoxin	2019,11997,1186
infarct	2019,11975,1857
mulatto	2019,11935,3534
halogen	2019,11916,3440
caribou	2019,11900,2152
soaking	2019,11900,8293
bullion	2019,11885,3795
backend	2019,11850,2915
thither	2019,11825,6256
typhoid	2019,11798,5277
gentile	2019,11797,2849
pursuer	2019,11789,7061
verdure	2019,11788,5897
patella	2019,11779,1300
patency	2019,11773,1545
purpura	2019,11758,1320
granola	2019,11746,4849
dearest	2019,11745,7068
scruple	2019,11744,6533
cyclist	2019,11725,4623
antiwar	2019,11720,3586
paprika	2019,11712,2752
cheddar	2019,11710,4046
handout	2019,11707,5351
tanning	2019,11664,4856
twofold	2019,11625,9584
myalgia	2019,11611,1397
fanatic	2019,11605,8350
glazing	2019,11598,3813
viscera	2019,11598,4345
tilapia	2019,11575,1523
corolla	2019,11569,942
trypsin	2019,11565,2137
stylist	2019,11562,5880
styling	2019,11547,4911
dweller	2019,11529,7567
bouncer	2019,11523,5207
earthen	2019,11515,6899
squalor	2019,11497,8313
gondola	2019,11491,3227
melanin	2019,11487,2714
hydrate	2019,11439,2620
cabaret	2019,11411,4423
usurper	2019,11385,5545
divisor	2019,11379,1877
ribcage	2019,11377,6443
fainter	2019,11344,7462
gelding	2019,11324,3038
elitism	2019,11320,6203
seaport	2019,11312,6294
ovation	2019,11303,7533
bailout	2019,11218,3257
obelisk	2019,11214,4259
condyle	2019,11203,845
hotspot	2019,11188,4859
inhaler	2019,11171,2490
rampage	2019,11118,7947
earring	2019,11110,5351
warlord	2019,11101,3681
magenta	2019,11063,5428
tooling	2019,11051,3096
chimera	2019,11025,5514
alanine	2019,10993,2912
infidel	2019,10976,5311
weekday	2019,10923,7533
sweeter	2019,10875,8810
cadaver	2019,10856,4438
boatmen	2019,10852,4782
caching	2019,10769,1739
hangman	2019,10731,5551
freemen	2019,10703,3909
languor	2019,10702,6620
profuse	2019,10658,7278
skeptic	2019,10649,4988
stardom	2019,10649,4570
thistle	2019,10643,4773
enabler	2019,10640,5847
charmer	2019,10622,7002
checker	2019,10612,4218
wetting	2019,10605,3462
sandbox	2019,10571,3980
femoral	2019,10519,1693
subsoil	2019,10473,2902
armrest	2019,10445,6608
hideout	2019,10441,5586
striker	2019,10433,3108
peddler	2019,10415,4246
singlet	2019,10388,2868
calibre	2019,10385,6725
chancel	2019,10353,3471
sapling	2019,10351,6001
spittle	2019,10348,7174
rubella	2019,10343,2262
coterie	2019,10336,6419
brownie	2019,10330,4577
knocker	2019,10323,6103
echelon	2019,10321,4771
raiding	2019,10319,4471
figment	2019,10227,8059
marquee	2019,10220,5069
placard	2019,10203,6341
camphor	2019,10198,4391
regalia	2019,10185,6190
orderly	2019,10174,4856
keratin	2019,10154,2160
choline	2019,10147,2167
mandala	2019,10136,1674
parotid	2019,10132,1303
panoply	2019,10095,7650
lacquer	2019,10078,4343
bulldog	2019,10071,6029
pontoon	2019,10063,2989
wheeler	2019,10056,5369
slaying	2019,9999,5167
arguing	2019,9970,8648
playoff	2019,9965,1858
sorbent	2019,9964,984
hillock	2019,9922,5295
carbine	2019,9918,3116
aniline	2019,9914,2030
paragon	2019,9883,7206
calculi	2019,9882,1535
sunburn	2019,9874,5897
handset	2019,9861,4500
butanol	2019,9853,1501
acquire	2019,9844,7570
dantian	2019,9838,1140
serfdom	2019,9833,3818
topsoil	2019,9824,3648
papilla	2019,9817,1134
pitfall	2019,9810,6473
gallant	2019,9806,5802
cornice	2019,9797,3871
varsity	2019,9776,3603
stellar	2019,9775,4166
analyse	2019,9767,6554
minivan	2019,9758,4105
soluble	2019,9711,3859
archaea	2019,9708,1437
gasping	2019,9698,7467
rasping	2019,9685,6947
crochet	2019,9675,2654
upstart	2019,9672,7115
weaning	2019,9658,2530
hopping	2019,9655,5026
shatter	2019,9623,7211
headman	2019,9615,2455
ricotta	2019,9615,1941
mongrel	2019,9613,5907
aptamer	2019,9599,535
jeweler	2019,9593,4882
hugging	2019,9545,7534
impiety	2019,9536,4650
wangfei	2019,9514,455
equinox	2019,9493,3370
quinine	2019,9484,3877
nirvana	2019,9440,4109
purport	2019,9408,5592
shaking	2019,9406,7346
forging	2019,9391,4583
pillage	2019,9391,5664
lapping	2019,9380,6663
flaring	2019,9370,6471
hyaline	2019,9370,1785
shopper	2019,9339,4979
spinner	2019,9332,3812
wishing	2019,9301,6773
untruth	2019,9298,5867
staffer	2019,9283,3932
brisket	2019,9270,2013
america	2019,9268,2263
bronchi	2019,9246,1845
crowbar	2019,9233,4485
necktie	2019,9229,5434
gearbox	2019,9215,1814
vitriol	2019,9201,6020
scraper	2019,9179,3414
crewmen	2019,9172,2947
pennant	2019,9153,2925
shallot	2019,9147,1497
jubilee	2019,9141,4643
mending	2019,9139,6457
snowman	2019,9123,3485
typhoon	2019,9123,3550
fistful	2019,9122,6700
gazelle	2019,9107,4452
cyclase	2019,9099,1512
rhizome	2019,9096,2044
beehive	2019,9091,5937
hickory	2019,9090,4109
arching	2019,9079,5647
discard	2019,9078,4264
keynote	2019,9078,6012
javelin	2019,9070,3974
restart	2019,9069,3889
shaving	2019,9059,6291
zoology	2019,9049,4692
chatbot	2019,9040,976
germane	2019,9033,5997
buttock	2019,9031,4008
apricot	2019,9027,4836
itching	2019,9012,4412
chasing	2019,9010,6707
mammary	2019,9008,1893
warlock	2019,8995,1420
aviator	2019,8976,3914
jamming	2019,8960,3198
probity	2019,8960,5490
isolate	2019,8953,2228
spaniel	2019,8950,4600
baseman	2019,8918,1298
amenity	2019,8908,3895
halberd	2019,8907,1570
gilding	2019,8893,5287
sawmill	2019,8892,3648
risotto	2019,8881,2571
pipette	2019,8853,1955
rosette	2019,8849,3149
batsman	2019,8840,1272
barrack	2019,8837,3750
ovarian	2019,8813,2218
lectern	2019,8806,4631
peaking	2019,8777,5410
godsend	2019,8773,7382
secular	2019,8750,4701
hotline	2019,8749,4642
prickle	2019,8733,5770
bromine	2019,8726,1985
mitubag	2018,8721,120
sceptic	2019,8715,3982
trident	2019,8715,3172
turnoff	2019,8713,3858
isoform	2019,8712,1696
woodcut	2019,8678,2826
memento	2019,8665,6822
warhead	2019,8663,2191
epitope	2019,8657,1266
agarose	2019,8650,1673
calumny	2019,8622,4928
leucine	2019,8609,2217
deviant	2019,8605,4352
slowing	2019,8598,5061
karaoke	2019,8593,4013
jukebox	2019,8589,4226
guanine	2019,8585,2436
maestro	2019,8581,3721
catwalk	2019,8555,3511
hexagon	2019,8512,3217
brazier	2019,8500,3670
peerage	2019,8497,3972
growing	2019,8492,6315
dawning	2019,8491,6583
redwood	2019,8473,3644
tankard	2019,8448,3038
rectory	2019,8445,2860
harpoon	2019,8436,2224
beeswax	2019,8419,3920
android	2019,8413,1773
elector	2019,8413,2218
accrual	2019,8406,2625
blanche	2019,8395,5569
perfidy	2019,8392,5156
gallium	2019,8390,2043
chiffon	2019,8384,4688
washout	2019,8366,2949
dusting	2019,8352,6533
momenta	2019,8348,1266
stepson	2019,8335,4349
incisor	2019,8307,1321
realtor	2019,8307,3501
avenger	2019,8305,4346
surmise	2019,8301,5700
trestle	2019,8274,4295
nominal	2019,8232,3508
gingiva	2019,8224,734
centaur	2019,8213,2267
soymilk	2019,8213,336
checkup	2019,8211,5548
quieter	2019,8209,7237
stomata	2019,8208,1233
coronet	2019,8205,4117
ciliary	2019,8203,1157
taurine	2019,8198,916
rivulet	2019,8178,4909
micelle	2019,8174,1199
rollout	2019,8171,3396
avidity	2019,8155,5018
systole	2019,8148,1389
naivety	2019,8137,5877
ferrite	2019,8131,934
vesting	2019,8124,1290
creeper	2019,8110,4521
dieting	2019,8097,3006
decease	2019,8077,4398
herbage	2019,8070,3529
flexure	2019,8052,1524
concave	2019,8048,4158
chemise	2019,8043,2910
orality	2019,8043,2271
coupler	2019,8033,1211
airfoil	2019,8031,597
stutter	2019,8001,5451
magneto	2019,7997,1586
mourner	2019,7996,4879
pinning	2019,7972,3429
nullity	2019,7971,2737
phoenix	2019,7965,2434
pretest	2019,7952,1681
griddle	2019,7948,3225
critter	2019,7947,3834
soloist	2019,7940,2604
animate	2019,7928,4546
foremen	2019,7923,3523
odyssey	2019,7919,5258
cession	2019,7915,2855
proving	2019,7909,5524
adjoint	2019,7899,1181
matting	2019,7897,4244
jackpot	2019,7871,5612
tendril	2019,7871,4525
hangout	2019,7869,4994
portent	2019,7845,5675
mitzvah	2019,7837,1894
sunbeam	2019,7837,5070
gunwale	2019,7836,3007
regency	2019,7811,2886
maximal	2019,7806,3435
curtsey	2019,7801,3778
cassock	2019,7800,3295
showman	2019,7797,4501
nunnery	2019,7790,3436
bracken	2019,7770,3268
rostrum	2019,7768,3033
palazzo	2019,7766,1750
barmaid	2019,7765,3373
hydride	2019,7748,1329
ization	2019,7744,1963
banding	2019,7734,2760
chutney	2019,7733,2262
lamprey	2019,7719,782
bluster	2019,7710,6373
codeine	2019,7709,2258
misstep	2019,7705,6480
pontiff	2019,7688,2428
aquatic	2019,7667,3260
corneum	2019,7657,938
tracery	2019,7655,3790
plantar	2019,7626,1090
taxicab	2019,7613,2720
shaming	2019,7597,4035
boarder	2019,7582,4248
tossing	2019,7581,5880
grantee	2019,7580,1436
